11 0.405085 0.819646 0.089501 0.079387
15 0.505603 0.942496 0.091961 0.115007
9 0.909782 0.691479 0.066309 0.099842
15 0.605803 0.971444 0.090557 0.056660
18 0.271923 0.914887 0.027460 0.042203
18 0.319529 0.853180 0.030540 0.032850
16 0.715649 0.952958 0.073872 0.094084
17 0.377351 0.855872 0.018588 0.029487
4 0.473305 0.472839 0.045776 0.120368
20 0.451079 0.652214 0.016927 0.062539
20 0.428191 0.739481 0.012658 0.045007
20 0.420611 0.323294 0.004269 0.052072
20 0.492366 0.181338 0.010598 0.032447
20 0.784365 0.576581 0.023226 0.018934
24 0.582455 0.016539 0.015655 0.028059