18 0.181393 0.820330 0.028359 0.038781
8 0.334992 0.502555 0.020916 0.037412
8 0.421094 0.261657 0.022199 0.038325
18 0.414870 0.816794 0.027717 0.039922
17 0.447650 0.757404 0.020852 0.056091
18 0.388950 0.819760 0.029257 0.033990
10 0.250908 0.801211 0.077533 0.052657
17 0.909220 0.500958 0.013730 0.051556
13 0.587413 0.776987 0.122192 0.101325
9 0.577265 0.789344 0.074094 0.077106
17 0.537785 0.767843 0.009592 0.050909
4 0.450864 0.546126 0.074297 0.068437
27 0.371306 0.505407 0.044013 0.077790
28 0.431359 0.612054 0.010907 0.024637