13 0.350005 0.744708 0.124598 0.095584
9 0.816381 0.775048 0.058000 0.113833
8 0.276221 0.689958 0.022456 0.039465
18 0.099269 0.795123 0.031182 0.028515
18 0.276350 0.793640 0.029642 0.034675
18 0.179789 0.796491 0.030797 0.020303
4 0.425777 0.374008 0.023097 0.131171
9 0.678245 0.584109 0.076093 0.079159
10 0.023040 0.778812 0.046080 0.046993
20 0.209944 0.565631 0.009752 0.029884
20 0.182228 0.468222 0.010266 0.030797
20 0.154511 0.369331 0.009752 0.028743
25 0.451634 0.067638 0.023226 0.044028