17 0.370472 0.579630 0.015912 0.052408
18 0.504822 0.675700 0.025664 0.044712
17 0.393505 0.573615 0.015783 0.052696
18 0.356998 0.603271 0.024381 0.045396
18 0.220752 0.809368 0.028674 0.038473
18 0.764155 0.796720 0.022841 0.047221
18 0.481596 0.680263 0.026177 0.043343
18 0.467032 0.594945 0.026562 0.041518
18 0.452532 0.602473 0.029898 0.027375
17 0.614278 0.822954 0.015655 0.052240
18 0.655918 0.843371 0.028102 0.035131
18 0.623838 0.858199 0.031182 0.015969
16 0.022325 0.751779 0.044649 0.104117
16 0.069874 0.754665 0.094814 0.090170
10 0.123706 0.798908 0.076690 0.051217
10 0.117822 0.801072 0.073038 0.078628
18 0.535747 0.701934 0.018991 0.053837
18 0.596570 0.817593 0.014628 0.054750
18 0.676834 0.854207 0.021429 0.051328
18 0.672150 0.857971 0.030027 0.017337
26 0.194995 0.614677 0.044270 0.079159
26 0.592336 0.330208 0.044142 0.078246
21 0.521054 0.470732 0.003978 0.010722
21 0.494941 0.458869 0.004363 0.009809
21 0.475758 0.437882 0.004235 0.010722
21 0.458178 0.419746 0.004491 0.011862
21 0.445795 0.394425 0.005389 0.009581
21 0.437390 0.369217 0.005261 0.008897
4 0.454200 0.311274 0.066341 0.080071