16 0.114827 0.874124 0.089850 0.123303
9 0.657650 0.861621 0.049275 0.124099
18 0.254022 0.919222 0.027332 0.041747
10 0.792385 0.884205 0.052611 0.118624
8 0.205838 0.728853 0.022584 0.040150
18 0.277248 0.914203 0.025792 0.043115
17 0.984479 0.956064 0.013345 0.053381
9 0.697108 0.754061 0.063261 0.104252
17 0.970043 0.948421 0.011420 0.053153
18 0.306954 0.940665 0.016681 0.053153
17 0.996987 0.952528 0.006025 0.032165
9 0.931098 0.924468 0.070832 0.075509
9 0.892153 0.915686 0.076863 0.070718
10 0.808553 0.904280 0.054407 0.106305
9 0.341013 0.962757 0.056995 0.074486
16 0.200610 0.827031 0.093972 0.081307
25 0.366173 0.905876 0.007571 0.018706
25 0.553262 0.810293 0.030668 0.012775
25 0.617422 0.697600 0.033235 0.016425
25 0.814007 0.745506 0.023739 0.036956
20 0.998078 0.707866 0.003844 0.012775
20 0.972545 0.612168 0.009752 0.027603
20 0.942583 0.505635 0.008084 0.021215
20 0.912684 0.147482 0.010650 0.031253
20 0.884005 0.045511 0.011549 0.032622
8 0.832870 0.050073 0.020403 0.035815
22 0.847819 0.040150 0.043372 0.057487
7 0.290721 0.764896 0.024252 0.021900
7 0.314845 0.374920 0.018606 0.038553
4 0.423788 0.268045 0.044270 0.107674