17 0.952686 0.614480 0.013390 0.051698
18 0.878566 0.656920 0.030703 0.025969
18 0.668853 0.672069 0.030568 0.025488
18 0.918331 0.631071 0.028268 0.040637
8 0.830212 0.445802 0.020829 0.040396
10 0.748586 0.652712 0.073985 0.076705
8 0.816890 0.445441 0.021776 0.039675
17 0.979129 0.605304 0.015419 0.047928
12 0.773879 0.634318 0.085076 0.080793
10 0.985739 0.562422 0.028522 0.048572
18 0.960193 0.623858 0.031109 0.017072
18 0.989970 0.601135 0.020060 0.033664
20 0.915220 0.490887 0.009874 0.029576
20 0.943286 0.481028 0.011091 0.032942
20 0.707739 0.538737 0.010144 0.030057
4 0.560705 0.354161 0.050686 0.120221
21 0.442715 0.361461 0.006159 0.008441
21 0.456317 0.378456 0.005389 0.009125
21 0.471908 0.393056 0.005261 0.009581
21 0.490322 0.406515 0.004619 0.010494
21 0.504437 0.416096 0.004106 0.011862
21 0.521054 0.417123 0.003465 0.011634
21 0.536004 0.419632 0.003850 0.011178
21 0.548835 0.410735 0.003336 0.011178
21 0.556855 0.402979 0.004235 0.011178
21 0.565132 0.397162 0.004619 0.010950
21 0.567313 0.386326 0.004876 0.010266