18 0.822861 0.544530 0.027332 0.040606
18 0.799058 0.558445 0.028743 0.033762
18 0.869569 0.508942 0.031182 0.024181
18 0.679464 0.557190 0.026434 0.033534
18 0.343910 0.693038 0.025664 0.043343
18 0.607477 0.586618 0.027460 0.040378
18 0.649438 0.580573 0.030540 0.018706
18 0.567570 0.612852 0.031053 0.025778
12 0.463824 0.589698 0.084562 0.080756
10 0.699354 0.515216 0.076478 0.052696
10 0.438032 0.608632 0.074810 0.075281
32 0.444897 0.507916 0.044398 0.077334
18 0.974727 0.356214 0.029513 0.033078
18 0.571612 0.151474 0.042730 0.129118