17 0.792064 0.627909 0.016297 0.053153
17 0.729124 0.569167 0.016425 0.053381
17 0.818242 0.635893 0.016297 0.052696
17 0.770892 0.604184 0.016297 0.052696
17 0.751131 0.580459 0.015527 0.053153
9 0.680619 0.564376 0.075452 0.079387
9 0.495134 0.739803 0.076350 0.084406
9 0.455098 0.750867 0.054279 0.081440
10 0.395237 0.798887 0.044398 0.123186
10 0.433284 0.795579 0.045297 0.126608
4 0.426804 0.403207 0.050558 0.133908
20 0.764861 0.362031 0.010650 0.032850
20 0.734385 0.349599 0.010779 0.031253
20 0.708015 0.321083 0.010907 0.032165
20 0.685752 0.286522 0.010009 0.028743
20 0.663489 0.252190 0.010394 0.030340
20 0.735540 0.258463 0.009752 0.031025
20 0.705128 0.246145 0.010266 0.031481
20 0.679015 0.219454 0.010907 0.032850
20 0.707245 0.157177 0.010907 0.033762
20 0.676321 0.143832 0.010650 0.033534
20 0.656816 0.184894 0.010907 0.031253
20 0.634232 0.148394 0.009881 0.029428
20 0.649951 0.114860 0.011035 0.031253
20 0.628137 0.082809 0.011035 0.034675
20 0.605424 0.047450 0.011292 0.035131
20 0.992563 0.460352 0.009752 0.031025
20 0.964269 0.358837 0.011934 0.035131
20 0.991408 0.315038 0.011035 0.034218
20 0.988842 0.232571 0.010779 0.032165
20 0.961959 0.211698 0.010394 0.032850
20 0.934884 0.253787 0.009881 0.030340