18 0.531256 0.794324 0.031053 0.032850
18 0.407684 0.796035 0.031310 0.019847
22 0.646807 0.693152 0.044270 0.071403
4 0.459974 0.362944 0.074553 0.058399
18 0.654121 0.771854 0.027589 0.037640
9 0.744009 0.767178 0.076222 0.076193
13 0.774356 0.746418 0.124855 0.096268
10 0.032664 0.777329 0.065328 0.049503
8 0.648924 0.698741 0.016938 0.032850
25 0.716035 0.682430 0.021301 0.044940
20 0.572831 0.402979 0.010522 0.032165
20 0.544922 0.303175 0.009624 0.028287
20 0.517590 0.206337 0.010137 0.031253
20 0.408133 0.183183 0.009881 0.030112
20 0.380930 0.086345 0.010137 0.033534