3 0.399580 0.361842 0.061897 0.059702
4 0.398329 0.441445 0.039640 0.117297
20 0.132435 0.119404 0.038587 0.010302
21 0.516131 0.368046 0.006585 0.008897
21 0.510863 0.372729 0.006321 0.007960
21 0.503424 0.376955 0.006187 0.009389
21 0.494300 0.374806 0.005903 0.007756
21 0.488012 0.380623 0.005133 0.008441
21 0.483393 0.384045 0.005646 0.008897
21 0.477618 0.392029 0.006159 0.007984
21 0.472036 0.397618 0.006544 0.009125
21 0.464722 0.402295 0.005774 0.008441
21 0.459589 0.407884 0.006288 0.009581
21 0.451249 0.413359 0.005518 0.007300
21 0.445089 0.416781 0.006288 0.009125
21 0.436684 0.416324 0.006416 0.009581