17 0.789467 0.915011 0.015847 0.052145
17 0.814072 0.903643 0.016125 0.051651
17 0.842570 0.863978 0.016125 0.052887
17 0.892684 0.811586 0.015708 0.052887
17 0.871693 0.824066 0.016264 0.052145
18 0.693757 0.852363 0.025995 0.042507
18 0.672697 0.772539 0.028637 0.033610
18 0.644130 0.700129 0.026829 0.036081
10 0.511998 0.535661 0.040036 0.131722
17 0.910339 0.815293 0.015708 0.051404
17 0.709535 0.856317 0.016125 0.051898
17 0.695217 0.803183 0.016125 0.051898
4 0.429981 0.405546 0.062556 0.068209
18 0.453196 0.540728 0.023076 0.048932
18 0.654973 0.728796 0.018211 0.052392
17 0.679439 0.756846 0.015152 0.054122
20 0.016952 0.229150 0.031310 0.008441
20 0.749270 0.031139 0.010522 0.029884
20 0.717703 0.056803 0.008982 0.026006
20 0.695119 0.032850 0.009496 0.030112
3 0.356690 0.014743 0.030742 0.029486
24 0.340533 0.016777 0.015871 0.027961
10 0.052423 0.807879 0.075345 0.073646
18 0.860364 0.845196 0.030861 0.020265
18 0.906029 0.822459 0.029332 0.034599