3 0.187104 0.147367 0.018478 0.117255
10 0.384715 0.925039 0.039522 0.131399
18 0.326073 0.930742 0.023611 0.049731
18 0.919935 0.975226 0.026434 0.043800
18 0.932510 0.960626 0.022841 0.046537
18 0.950154 0.955151 0.029898 0.035587
4 0.407941 0.291997 0.046452 0.108130
20 0.293673 0.061137 0.010907 0.034675
20 0.318567 0.086801 0.011164 0.034903
20 0.342691 0.097409 0.011420 0.035131
20 0.322031 0.161055 0.011420 0.035131
20 0.346284 0.187061 0.011420 0.033306
20 0.371370 0.198581 0.011292 0.033990
20 0.459140 0.034789 0.011292 0.033534
20 0.459397 0.103910 0.004363 0.017109
20 0.511559 0.026348 0.007827 0.020759
20 0.593041 0.042203 0.011677 0.034218
20 0.567378 0.085204 0.011677 0.034903
20 0.541265 0.133110 0.011035 0.034447
20 0.510276 0.161739 0.011420 0.034218
20 0.490322 0.211014 0.010266 0.031481
20 0.515922 0.236906 0.011934 0.034447
20 0.538762 0.262684 0.010907 0.033534
20 0.569367 0.232914 0.010779 0.031937
20 0.595544 0.185692 0.010522 0.032850
20 0.621143 0.141778 0.010650 0.032165