17 0.541457 0.580915 0.015783 0.053153
18 0.628137 0.797860 0.026177 0.043115
11 0.970939 0.531527 0.058122 0.129574
17 0.445410 0.474040 0.015655 0.052925
18 0.794759 0.790560 0.030925 0.019847
17 0.561347 0.597682 0.015527 0.052925
17 0.401846 0.461949 0.015783 0.052925
8 0.863217 0.536317 0.022584 0.040150
8 0.900751 0.538370 0.021943 0.041518
18 0.606707 0.717219 0.028487 0.034218
18 0.518680 0.560042 0.017965 0.051556
18 0.577900 0.645018 0.026305 0.034903
8 0.878038 0.537002 0.021686 0.040150
17 0.581108 0.624030 0.015527 0.053153
18 0.424430 0.477233 0.017836 0.052925
18 0.387025 0.486244 0.022328 0.047678
20 0.488975 0.231887 0.011164 0.033990
20 0.475501 0.187289 0.010394 0.031481
20 0.472486 0.181586 0.010522 0.033306
20 0.460039 0.130372 0.010779 0.031253
20 0.452147 0.119993 0.010137 0.031937
20 0.447271 0.087371 0.011164 0.033762
20 0.444640 0.081212 0.011549 0.034218
20 0.433476 0.067524 0.011292 0.033762
20 0.431872 0.030226 0.010907 0.032622
20 0.423788 0.018364 0.009881 0.030340
10 0.012167 0.761947 0.024334 0.056346
18 0.589128 0.674788 0.018478 0.052925
17 0.607926 0.685282 0.015783 0.052925
17 0.594838 0.651291 0.015013 0.052925
18 0.838003 0.767634 0.032978 0.035131
8 0.834217 0.534606 0.022328 0.039465
32 0.842558 0.535633 0.043629 0.078018
21 0.422056 0.418149 0.006673 0.006844
21 0.426355 0.375947 0.005774 0.006844
21 0.436043 0.341956 0.005903 0.007300
21 0.445410 0.311046 0.006416 0.008441
21 0.455034 0.289146 0.005903 0.010722
21 0.469470 0.274660 0.005774 0.010494
21 0.479992 0.262798 0.005004 0.011406
4 0.498534 0.292796 0.051071 0.130258