11 0.680170 0.904280 0.055562 0.138243
17 0.464209 0.742084 0.013987 0.051556
18 0.603820 0.820787 0.021429 0.052468
17 0.532154 0.715736 0.012832 0.051328
17 0.512457 0.726572 0.012704 0.052012
17 0.544023 0.770371 0.012447 0.052012
10 0.908257 0.975066 0.060053 0.049868
17 0.490514 0.704330 0.012960 0.051328
18 0.497700 0.742883 0.028102 0.033078
10 0.977229 0.956314 0.044013 0.087188
8 0.362388 0.784059 0.025151 0.038781
4 0.431744 0.438909 0.029385 0.121361
8 0.380352 0.783374 0.021814 0.039693
15 0.871494 0.991149 0.023996 0.017702
18 0.491348 0.714937 0.029000 0.036043
18 0.477747 0.730450 0.020274 0.048362
18 0.300602 0.911123 0.030925 0.020531
10 0.075658 0.980655 0.072244 0.038690
27 0.375669 0.783717 0.045297 0.080071
21 0.537351 0.456360 0.006031 0.007984
21 0.527021 0.457273 0.006416 0.008897
21 0.518616 0.465827 0.005261 0.008669
21 0.506875 0.471758 0.005389 0.008212
21 0.499304 0.481568 0.005903 0.009125
21 0.488975 0.483393 0.004748 0.010037
21 0.479928 0.488297 0.005389 0.010266
21 0.469662 0.484761 0.005133 0.011406
21 0.461450 0.483849 0.005133 0.010494
21 0.456446 0.486586 0.004876 0.010950
21 0.450158 0.479857 0.004619 0.011178
21 0.446180 0.474268 0.003593 0.009581
20 0.847627 0.175655 0.007571 0.061593
20 0.972096 0.138014 0.015013 0.064331