11 0.603499 0.501414 0.083664 0.085774
18 0.657265 0.583311 0.027460 0.040150
18 0.441753 0.467652 0.029128 0.036956
15 0.757739 0.775162 0.097779 0.093074
18 0.256268 0.794210 0.022841 0.049046
18 0.486601 0.434118 0.028230 0.031937
9 0.819268 0.780637 0.056589 0.083037
18 0.462835 0.432017 0.014425 0.030017
18 0.509891 0.413929 0.019376 0.052240
18 0.693323 0.615932 0.031310 0.022356
18 0.511944 0.415982 0.028615 0.035359
18 0.472550 0.415412 0.015270 0.054293
18 0.479736 0.406515 0.028872 0.036043
10 0.065714 0.688931 0.074938 0.072999
9 0.870147 0.695547 0.050044 0.093530
9 0.905242 0.679921 0.076863 0.067296
25 0.553519 0.414385 0.030412 0.032622
25 0.993397 0.145999 0.011420 0.062962
21 0.510147 0.203828 0.006544 0.006616
21 0.501101 0.219911 0.006159 0.007300
21 0.492824 0.231089 0.006288 0.007756
21 0.479351 0.245460 0.005518 0.009581
21 0.468379 0.253559 0.004876 0.011178
21 0.456702 0.255726 0.005133 0.010037
4 0.442523 0.221964 0.022712 0.130486
24 0.498342 0.016539 0.016297 0.028515