15 0.968757 0.697030 0.062486 0.141664
18 0.897543 0.695433 0.023482 0.047221
8 0.922950 0.478602 0.022199 0.039693
17 0.865976 0.750525 0.015527 0.051100
17 0.936359 0.649694 0.009239 0.051556
17 0.920127 0.650493 0.016297 0.050415
8 0.855069 0.545784 0.021943 0.039009
18 0.140331 0.922986 0.028872 0.033762
18 0.348722 0.693380 0.028102 0.036272
11 0.813815 0.783603 0.087514 0.072543
18 0.294250 0.679350 0.010009 0.054293
18 0.177159 0.985719 0.030925 0.017337
4 0.549477 0.059768 0.073912 0.069806
18 0.163429 0.929259 0.028102 0.036728
18 0.237405 0.826832 0.013858 0.053609
25 0.504052 0.260973 0.031310 0.030112
18 0.157398 0.952414 0.011934 0.054293
18 0.310611 0.668400 0.028872 0.032850
18 0.333708 0.667260 0.029642 0.021900
8 0.563271 0.593576 0.022456 0.039693
8 0.598431 0.589584 0.022199 0.037640
27 0.593683 0.590040 0.044270 0.077790
20 0.842751 0.176909 0.009881 0.031253
20 0.826454 0.146113 0.011420 0.033534
20 0.776474 0.078018 0.011035 0.034675
20 0.810542 0.061935 0.005774 0.012547
20 0.796620 0.040378 0.011035 0.032850