12 0.731690 0.621065 0.086744 0.076421
8 0.793348 0.179533 0.021943 0.039237
8 0.780965 0.432293 0.022071 0.039237
8 0.750938 0.182042 0.022328 0.038781
18 0.786162 0.601788 0.026562 0.041062
17 0.957468 0.446893 0.014757 0.052012
8 0.667082 0.199836 0.021943 0.038781
9 0.987941 0.515216 0.024118 0.080071
18 0.158232 0.720412 0.028743 0.034218
18 0.194931 0.782690 0.030797 0.017337
18 0.255434 0.623688 0.013730 0.053381
17 0.972353 0.462177 0.014500 0.051100
18 0.366622 0.490693 0.028230 0.036500
16 0.901842 0.485332 0.071345 0.145771
8 0.630254 0.209189 0.021429 0.038325
18 0.312343 0.476093 0.010266 0.054750
4 0.576103 0.186491 0.034261 0.126608
18 0.927505 0.411762 0.030797 0.023725
18 0.181714 0.726116 0.027974 0.035587
18 0.799764 0.554453 0.019889 0.024865
18 0.175362 0.749840 0.011677 0.053381
18 0.328768 0.465827 0.029257 0.032850
18 0.351865 0.464458 0.029770 0.020987
18 0.761011 0.650265 0.016553 0.020303
18 0.867260 0.635437 0.021173 0.017565
18 0.921089 0.498791 0.034903 0.034447
18 0.954388 0.459668 0.027845 0.026462
18 0.993330 0.443357 0.013339 0.023040
22 0.618064 0.210672 0.045553 0.077790