17 0.808210 0.868049 0.019605 0.053858
17 0.844197 0.885865 0.017546 0.057350
17 0.831021 0.843377 0.018950 0.054856
10 0.485382 0.783146 0.070191 0.083949
8 0.465428 0.680491 0.026690 0.039237
4 0.501614 0.159914 0.073655 0.086230
20 0.792000 0.644333 0.010009 0.029884
20 0.774870 0.616731 0.011420 0.034447
20 0.759600 0.564718 0.011164 0.035359
20 0.762551 0.539967 0.011164 0.034218
20 0.744651 0.508486 0.011035 0.036500
20 0.729445 0.457273 0.010394 0.031253
20 0.731947 0.431381 0.011292 0.034218
20 0.713341 0.397847 0.009496 0.027375
20 0.699546 0.351423 0.010907 0.033534
26 0.460359 0.680491 0.044527 0.078474
31 0.521311 0.395451 0.044013 0.078246
27 0.934242 0.212497 0.041704 0.080071