1 0.332566 0.496658 0.023101 0.043937
27 0.218519 0.780956 0.014866 0.053119
27 0.447784 0.724519 0.016040 0.052468
28 0.352571 0.795123 0.030155 0.034903
25 0.372849 0.731116 0.075711 0.081793
21 0.551398 0.751349 0.122636 0.101022
27 0.536709 0.768432 0.015527 0.053153
25 0.827205 0.437809 0.076197 0.080071
0 0.447351 0.421593 0.057793 0.083228
12 0.433348 0.678096 0.008469 0.020759
12 0.405310 0.580345 0.008341 0.023269
12 0.378813 0.486130 0.010266 0.030112
12 0.236057 0.397504 0.009624 0.029428
12 0.180046 0.602701 0.011035 0.031937
12 0.152008 0.503696 0.010137 0.030568
12 0.124548 0.405375 0.009881 0.029656
12 0.945534 0.336481 0.007827 0.021444
12 0.890934 0.143717 0.009239 0.026462