27 0.862191 0.671252 0.016681 0.051784
25 0.498195 0.787784 0.048950 0.125389
27 0.994870 0.566658 0.010260 0.051556
25 0.800242 0.619810 0.075463 0.073912
25 0.924426 0.621863 0.069292 0.092162
27 0.766465 0.626768 0.013602 0.052696
26 0.407645 0.754143 0.075849 0.065336
26 0.316158 0.809192 0.076474 0.044206
26 0.307478 0.761788 0.041287 0.136788
0 0.477037 0.362792 0.054076 0.132463
13 0.587204 0.202773 0.030027 0.029409
12 0.988552 0.063529 0.010322 0.030861
13 0.047621 0.232800 0.032336 0.025778