25 0.762808 0.508942 0.075067 0.084406
27 0.186719 0.780295 0.017965 0.053153
21 0.521636 0.758053 0.122939 0.094443
27 0.378620 0.732047 0.013217 0.052925
1 0.526572 0.630532 0.021173 0.038781
1 0.512008 0.628023 0.017965 0.036043
4 0.502191 0.629277 0.042730 0.077334
25 0.276414 0.751551 0.075708 0.076877
26 0.104466 0.779040 0.076478 0.047450
0 0.434054 0.363286 0.018350 0.120221
12 0.135648 0.520235 0.007956 0.023953
12 0.108829 0.425449 0.010009 0.029200
12 0.080791 0.324847 0.008341 0.023725
12 0.167920 0.224473 0.010137 0.032393
12 0.994231 0.249224 0.008726 0.027603
12 0.966643 0.151246 0.009496 0.028287
12 0.939375 0.053837 0.009367 0.029200