27 0.116143 0.781207 0.017195 0.053153
28 0.354753 0.789420 0.024509 0.045853
27 0.995897 0.602294 0.008206 0.053024
28 0.296496 0.799457 0.028872 0.032622
25 0.552685 0.749156 0.073142 0.083949
0 0.477233 0.185122 0.074682 0.096952
22 0.603435 0.758167 0.123571 0.095127
26 0.185051 0.779610 0.074425 0.045853
26 0.326907 0.768775 0.075837 0.060224
13 0.567698 0.457615 0.006929 0.050643
12 0.248569 0.365567 0.010522 0.030340
12 0.220467 0.266105 0.009239 0.027147
12 0.193199 0.169724 0.010137 0.030568