20 0.313751 0.681782 0.087872 0.127957
27 0.928827 0.771048 0.014874 0.052377
27 0.966917 0.776839 0.015152 0.052193
27 0.834368 0.586941 0.015291 0.051898
27 0.985079 0.780146 0.014777 0.052006
1 0.423050 0.475979 0.021894 0.038923
27 0.945629 0.789777 0.015394 0.056116
1 0.439627 0.471252 0.022207 0.040036
27 0.851328 0.624506 0.015291 0.051898
27 0.877244 0.674228 0.015411 0.052295
27 0.865229 0.651938 0.014735 0.052887
0 0.464336 0.170985 0.072565 0.063946
4 0.482477 0.454154 0.043789 0.078681
20 0.382636 0.695782 0.093171 0.089491
27 0.997186 0.791074 0.005628 0.052392
26 0.436360 0.741443 0.076097 0.052072
26 0.430325 0.744322 0.072565 0.077716