27 0.300538 0.522744 0.013345 0.052696
28 0.395494 0.628707 0.026434 0.042431
27 0.777821 0.641368 0.013474 0.053153
27 0.667659 0.746989 0.013345 0.052696
27 0.734706 0.722808 0.013217 0.052696
27 0.324020 0.527192 0.013089 0.052925
28 0.380866 0.543617 0.026690 0.042887
27 0.817728 0.526280 0.013217 0.052468
27 0.702883 0.716762 0.013474 0.052012
27 0.491348 0.709348 0.013345 0.052696
27 0.341151 0.535291 0.013474 0.053153
27 0.508094 0.738662 0.013474 0.052925
28 0.418848 0.623574 0.025151 0.043571
28 0.586305 0.804362 0.030797 0.022356
28 0.503218 0.654485 0.025279 0.029656
28 0.467609 0.619696 0.029257 0.023497
0 0.480634 0.102085 0.073784 0.081896
26 0.037797 0.747331 0.075594 0.051556
26 0.034140 0.750411 0.068280 0.078702
20 0.015341 0.713113 0.030682 0.068437