19 0.844447 0.722865 0.067421 0.162119
28 0.718858 0.936787 0.023097 0.047221
27 0.199101 0.896295 0.016040 0.052468
28 0.459397 0.815540 0.025664 0.045168
28 0.436492 0.820673 0.026562 0.042659
28 0.312087 0.742769 0.024894 0.045168
27 0.455098 0.747217 0.015527 0.051784
28 0.610429 0.982594 0.027974 0.034812
28 0.175491 0.949676 0.028872 0.038325
27 0.220531 0.898805 0.016040 0.052012
28 0.421994 0.734822 0.026823 0.041900
28 0.407299 0.741970 0.029770 0.026234
28 0.550824 0.957432 0.014500 0.053837
28 0.491092 0.842230 0.018735 0.053837
28 0.627880 0.984419 0.013345 0.031162
0 0.445923 0.362830 0.037213 0.124327
28 0.627238 0.995483 0.030283 0.009034
28 0.578477 0.994571 0.030797 0.010858
26 0.072900 0.941692 0.071859 0.078474
20 0.035872 0.894242 0.071744 0.089880
12 0.117883 0.398669 0.010009 0.030372
12 0.147392 0.317830 0.009319 0.026997
12 0.089409 0.297276 0.009664 0.028224
12 0.118918 0.217051 0.008628 0.026690
12 0.061367 0.198030 0.010527 0.030985
12 0.091135 0.117346 0.010009 0.030372