19 0.952960 0.865214 0.093290 0.073151
28 0.519001 0.701022 0.024766 0.045625
27 0.358640 0.886828 0.012780 0.052240
28 0.643343 0.778698 0.025792 0.042659
26 0.279622 0.899375 0.072372 0.077790
28 0.666312 0.773565 0.025536 0.044256
27 0.663276 0.697000 0.017155 0.052181
28 0.785071 0.956433 0.030540 0.017620
28 0.382470 0.907587 0.029128 0.038553
28 0.697493 0.800598 0.018350 0.053609
28 0.817343 0.941784 0.027845 0.035859
28 0.614086 0.700680 0.029898 0.025778
28 0.628522 0.693494 0.026690 0.042887
28 0.757675 0.915686 0.014243 0.055662
28 0.838776 0.952229 0.021180 0.051642
28 0.834089 0.956406 0.030540 0.016653
28 0.394596 0.862077 0.018221 0.053837
28 0.922822 0.902569 0.018606 0.034447
26 0.171320 0.827744 0.076478 0.068209
15 0.833319 0.858199 0.024381 0.020987
12 0.630446 0.587531 0.009239 0.024865
12 0.602794 0.489666 0.010394 0.030340
12 0.573922 0.387125 0.009111 0.026919
0 0.517846 0.198467 0.054792 0.122274