22 0.451569 0.583196 0.093160 0.072771
22 0.748757 0.797241 0.083664 0.137427
23 0.354239 0.627011 0.088155 0.123840
31 0.492952 0.672621 0.026305 0.043115
31 0.516499 0.668058 0.025664 0.043115
31 0.232272 0.801054 0.028743 0.037640
0 0.433926 0.267132 0.062748 0.082124
28 0.635643 0.832421 0.071474 0.084862
31 0.036521 0.760562 0.029898 0.027375
31 0.547296 0.694178 0.018478 0.053381
31 0.244270 0.756228 0.017580 0.053381
31 0.249723 0.756342 0.031053 0.018934
31 0.688254 0.846108 0.021429 0.051100
31 0.684725 0.848846 0.028230 0.018250
28 0.611455 0.776417 0.053381 0.060453
28 0.942455 0.486244 0.055306 0.076421
28 0.973569 0.504380 0.052862 0.088968
18 0.551594 0.577607 0.018350 0.039237
13 0.413844 0.393968 0.010522 0.024181
18 0.670931 0.156150 0.009367 0.044940