28 0.861613 0.797518 0.030925 0.024181
26 0.230925 0.777671 0.076863 0.049731
26 0.899853 0.777785 0.076863 0.050415
25 0.974082 0.769687 0.051835 0.066156
26 0.490194 0.778128 0.039779 0.049275
25 0.449131 0.769801 0.076478 0.067296
0 0.504822 0.643307 0.073912 0.099918
11 0.543125 0.780409 0.006031 0.009125
11 0.544537 0.762957 0.005518 0.009353
11 0.542548 0.756684 0.005389 0.008212
11 0.537415 0.754289 0.005133 0.007984
11 0.535619 0.750639 0.005646 0.008897
11 0.532411 0.744822 0.005389 0.008669
11 0.527919 0.736495 0.005389 0.009353
11 0.522594 0.730450 0.004748 0.008669
11 0.519065 0.727370 0.005389 0.009809
11 0.520669 0.715166 0.006031 0.009125
11 0.524070 0.693950 0.006159 0.008669
11 0.524776 0.680377 0.006544 0.007984
11 0.522402 0.666347 0.006416 0.006387
13 0.817160 0.612797 0.021506 0.017553
9 0.841439 0.169159 0.044364 0.078628
12 0.973718 0.043402 0.009738 0.030057
12 0.998356 0.133332 0.003288 0.015149