27 0.819461 0.645930 0.012575 0.052240
27 0.843970 0.646729 0.013345 0.053381
27 0.957147 0.483849 0.013089 0.052468
28 0.869569 0.619696 0.031182 0.022128
28 0.974214 0.466512 0.029000 0.032393
28 0.797839 0.611826 0.029898 0.031937
1 0.795144 0.466626 0.022199 0.039465
4 0.803806 0.466740 0.043629 0.078018
0 0.598110 0.267132 0.037982 0.130943
11 0.557497 0.291313 0.005774 0.009125
11 0.565709 0.293024 0.005261 0.009809
11 0.575141 0.293936 0.004363 0.009809
11 0.581108 0.290629 0.003978 0.010494