28 0.868993 0.543956 0.031121 0.023076
27 0.826612 0.571202 0.013293 0.053103
28 0.799634 0.593444 0.029401 0.034197
23 0.954538 0.415925 0.064589 0.127335
27 0.801355 0.579265 0.013762 0.052547
0 0.602986 0.368989 0.073399 0.060453
25 0.922556 0.443728 0.040036 0.102869
27 0.996466 0.381728 0.007068 0.052269
12 0.978533 0.191804 0.010009 0.030877
12 0.953069 0.168647 0.010303 0.031662
12 0.976988 0.103883 0.010745 0.031400
12 0.923043 0.060577 0.006476 0.015962
12 0.900081 0.052988 0.010598 0.031662
12 0.928047 0.152946 0.010598 0.033755
12 0.893458 0.192328 0.010009 0.027214
12 0.781593 0.347498 0.010598 0.031924
12 0.757454 0.349984 0.010892 0.031662
12 0.753480 0.247409 0.010303 0.031662
12 0.728679 0.248849 0.010156 0.030354
12 0.724778 0.144835 0.009715 0.030092
12 0.700345 0.146928 0.009715 0.027475
13 0.701228 0.221635 0.031793 0.021457