23 0.494236 0.579546 0.086102 0.079615
25 0.756713 0.580459 0.051328 0.123415
27 0.568789 0.635893 0.017836 0.053609
27 0.911850 0.497194 0.017965 0.052696
27 0.942519 0.468679 0.017965 0.052240
27 0.807912 0.584223 0.017708 0.053381
27 0.973829 0.421343 0.017708 0.053381
1 0.822155 0.048134 0.022328 0.040150
28 0.679336 0.603271 0.031310 0.018478
28 0.853016 0.567228 0.027332 0.040834
28 0.899660 0.532211 0.031310 0.023269
28 0.829534 0.581029 0.028615 0.033762
28 0.729765 0.539853 0.076478 0.051328
10 0.441881 0.531184 0.009624 0.023040
10 0.444448 0.498335 0.012190 0.022584
12 0.533501 0.486586 0.008854 0.027375
12 0.505528 0.387467 0.010650 0.031709
12 0.477682 0.287663 0.010650 0.031481
12 0.741443 0.451684 0.010266 0.029200
12 0.773202 0.433776 0.009881 0.028972
12 0.716869 0.417465 0.009624 0.026462
12 0.692617 0.394881 0.009367 0.029656
12 0.713597 0.352792 0.010009 0.030797
12 0.745228 0.334771 0.010137 0.031253
12 0.688575 0.318574 0.010266 0.029884
12 0.665093 0.296104 0.011549 0.031481
12 0.685367 0.252646 0.010522 0.031253
12 0.717383 0.235537 0.010907 0.032622
12 0.660794 0.219911 0.011677 0.034218
12 0.636734 0.196072 0.011035 0.032622
12 0.877140 0.343895 0.009881 0.030797
12 0.908257 0.317205 0.009496 0.028972
12 0.939375 0.265991 0.010137 0.029200
12 0.849166 0.244776 0.010650 0.031025
12 0.879706 0.217629 0.010137 0.032393
12 0.911209 0.165389 0.009752 0.029200
12 0.820936 0.144402 0.010137 0.031481
12 0.881439 0.060224 0.006416 0.017337
0 0.423981 0.226754 0.029257 0.131855