27 0.777949 0.591295 0.087129 0.078931
30 0.831202 0.597226 0.015270 0.052012
8 0.767876 0.470846 0.044655 0.078931
0 0.512714 0.256981 0.049146 0.128889
31 0.965167 0.582398 0.031438 0.017337
30 0.984479 0.567912 0.012832 0.032165
28 0.985182 0.518866 0.029636 0.072771
15 0.764283 0.272265 0.009752 0.030797
15 0.736502 0.172119 0.010394 0.030340
15 0.706540 0.066384 0.006159 0.018250
15 0.915892 0.037184 0.009624 0.029656
15 0.948293 0.020759 0.011035 0.033306
15 0.976267 0.120563 0.010522 0.031709
15 0.944379 0.138585 0.009881 0.028515
15 0.924554 0.182612 0.010522 0.033078
15 0.948293 0.204969 0.011035 0.032165
15 0.972738 0.239187 0.011420 0.032622