26 0.190810 0.799723 0.071869 0.085014
28 0.822135 0.684930 0.024744 0.045720
28 0.714609 0.631178 0.028498 0.029656
27 0.788703 0.639828 0.015986 0.052887
4 0.631794 0.432635 0.044270 0.080071
28 0.988428 0.616597 0.023144 0.047450
26 0.372708 0.851498 0.048376 0.126779
27 0.729205 0.627471 0.016264 0.052392
27 0.543485 0.651443 0.015986 0.051898
26 0.337538 0.894870 0.051435 0.120601
28 0.690004 0.606094 0.029332 0.032869
28 0.740743 0.645759 0.030444 0.032622
28 0.572699 0.600906 0.029844 0.029412
28 0.865020 0.696298 0.030166 0.024960
27 0.664564 0.570878 0.016542 0.052887
28 0.664982 0.583111 0.024605 0.025455
26 0.285339 0.771674 0.069089 0.091686
26 0.308623 0.792433 0.065336 0.100089
28 0.450624 0.810474 0.015152 0.054122
28 0.446245 0.769697 0.027802 0.039294
28 0.555092 0.630560 0.019462 0.049674
28 0.678188 0.586941 0.027385 0.013839
6 0.731847 0.526023 0.044345 0.079330
1 0.639300 0.432293 0.021814 0.038781
12 0.526059 0.596998 0.010137 0.030568
0 0.486665 0.173944 0.073784 0.084177