28 0.764925 0.683457 0.025151 0.046993
26 0.133851 0.798545 0.071602 0.084634
28 0.657650 0.630874 0.029257 0.043571
28 0.931804 0.615362 0.023996 0.047221
26 0.315872 0.850557 0.048376 0.125696
28 0.683827 0.644562 0.030027 0.032622
28 0.728354 0.649694 0.030797 0.026919
28 0.515857 0.600078 0.030283 0.030340
26 0.280456 0.892075 0.051456 0.122958
28 0.633269 0.604184 0.028487 0.027147
0 0.470946 0.244206 0.075195 0.096496
28 0.489167 0.646957 0.027717 0.040150
28 0.389142 0.769459 0.027332 0.039693
28 0.808169 0.695205 0.030797 0.024865
28 0.393762 0.809609 0.015013 0.052925
28 0.497444 0.629391 0.020916 0.049731
28 0.602473 0.582170 0.031053 0.022812
28 0.606002 0.578862 0.028615 0.037184
28 0.619603 0.586048 0.030155 0.015969
26 0.228615 0.770485 0.069164 0.090565
26 0.251199 0.791017 0.064801 0.099234
4 0.539532 0.279337 0.045040 0.079615
6 0.663489 0.233712 0.044783 0.079159
12 0.564234 0.073570 0.008726 0.028059
12 0.499112 0.016653 0.010137 0.029656