22 0.305286 0.746418 0.123443 0.096268
28 0.411726 0.724747 0.020659 0.049731
28 0.498470 0.727712 0.017580 0.052012
27 0.747858 0.803335 0.013089 0.053153
28 0.674075 0.793298 0.021044 0.049959
22 0.815868 0.750297 0.123700 0.095812
1 0.784879 0.585021 0.021686 0.039009
28 0.061736 0.794324 0.030027 0.031937
12 0.523107 0.202915 0.010650 0.033078
12 0.629933 0.235993 0.010522 0.031253
12 0.657137 0.333744 0.010266 0.030112
12 0.684276 0.430012 0.008854 0.026462
26 0.150725 0.777443 0.077376 0.049275
28 0.185692 0.798887 0.017195 0.016881
11 0.579825 0.757140 0.006031 0.008669
6 0.801881 0.584907 0.043629 0.079387
1 0.829854 0.584907 0.022584 0.040606
0 0.482879 0.361461 0.052611 0.132083