0 0.427766 0.372297 0.053766 0.093530
12 0.995704 0.821813 0.008592 0.026690
12 0.968247 0.816794 0.010137 0.030340
12 0.934114 0.804134 0.009367 0.027831
12 0.896067 0.802423 0.010522 0.033078
12 0.856417 0.806187 0.011292 0.033762
12 0.824016 0.774592 0.007314 0.022128
12 0.994488 0.718359 0.008982 0.027375
12 0.968375 0.722580 0.009881 0.030340
12 0.940016 0.714709 0.009624 0.028743
12 0.906333 0.704558 0.009496 0.029428
12 0.867388 0.700224 0.010394 0.029884
12 0.803806 0.718816 0.009496 0.027831
12 0.827160 0.702847 0.008982 0.026919
12 0.796684 0.677525 0.009881 0.029656
12 0.966001 0.616959 0.008982 0.026234
12 0.940145 0.621407 0.009881 0.029656
12 0.911850 0.615134 0.010266 0.029884
12 0.877974 0.604298 0.010009 0.029656
12 0.838965 0.599507 0.010009 0.029656
12 0.799764 0.604754 0.010394 0.032393
12 0.788279 0.658591 0.007699 0.024181
12 0.775575 0.618327 0.008982 0.028515
12 0.775447 0.609773 0.008982 0.027831
12 0.768197 0.576467 0.009881 0.028743
12 0.760562 0.560042 0.008982 0.027831
12 0.747024 0.517383 0.009624 0.028287
12 0.747858 0.510996 0.010009 0.030568
12 0.732909 0.460124 0.010394 0.030112
12 0.719564 0.411078 0.010907 0.032850
12 0.519707 0.649124 0.008982 0.027603
12 0.541008 0.673533 0.010266 0.031709
12 0.565324 0.655511 0.010137 0.032622
12 0.593170 0.608974 0.010907 0.032622
12 0.628137 0.540195 0.011035 0.032850
12 0.491926 0.550803 0.011420 0.032165
12 0.512585 0.573501 0.010907 0.033306
12 0.536645 0.553997 0.010522 0.032165
12 0.564875 0.508144 0.010522 0.033534
12 0.600163 0.439251 0.011035 0.033078
12 0.463503 0.449402 0.011035 0.031481
12 0.484227 0.472671 0.010650 0.032393
12 0.508479 0.453394 0.010394 0.032165
12 0.536645 0.407656 0.010522 0.034675
12 0.571869 0.338649 0.011164 0.034447