30 0.389206 0.956178 0.014372 0.053153
30 0.370343 0.947737 0.014885 0.054065
30 0.653159 0.642737 0.014628 0.053609
30 0.887470 0.804932 0.014115 0.053609
30 0.570136 0.850671 0.014885 0.053837
30 0.793219 0.835843 0.014500 0.053381
30 0.762166 0.736609 0.014757 0.053837
30 0.620887 0.719956 0.015270 0.054293
28 0.237273 0.687884 0.072337 0.087620
30 0.594325 0.794210 0.014757 0.054521
29 0.132104 0.584223 0.040339 0.132643
30 0.983453 0.767064 0.014372 0.053609
30 0.687998 0.604412 0.013987 0.054065
30 0.742405 0.671138 0.014757 0.053381
30 0.413523 0.963249 0.014757 0.053609
30 0.718024 0.618213 0.015013 0.053381
30 0.334093 0.916370 0.015270 0.053381
30 0.936167 0.791815 0.014243 0.052925
30 0.910631 0.800027 0.014757 0.053837
30 0.350582 0.948307 0.014372 0.053381
30 0.963627 0.771740 0.014243 0.053381
30 0.996987 0.770985 0.006025 0.052783
30 0.775896 0.785998 0.011420 0.039922
0 0.431724 0.492071 0.044157 0.105453