27 0.633013 0.668743 0.015655 0.050871
27 0.528882 0.449402 0.017323 0.050643
27 0.579247 0.597112 0.016681 0.050871
27 0.666697 0.636805 0.016297 0.051328
28 0.281547 0.720755 0.031310 0.020303
27 0.592143 0.650721 0.017323 0.050415
27 0.610108 0.667716 0.016297 0.051556
27 0.652517 0.654599 0.015398 0.051328
28 0.446308 0.504266 0.025407 0.045396
28 0.115052 0.728055 0.026305 0.043115
27 0.511815 0.432863 0.016040 0.050871
28 0.325368 0.698285 0.032465 0.035131
27 0.132311 0.739917 0.012319 0.052240
28 0.076172 0.604184 0.018093 0.053609
28 0.468172 0.460317 0.026079 0.041448
28 0.089902 0.643649 0.019889 0.026690
0 0.433990 0.051556 0.067239 0.037868
27 0.489873 0.434232 0.015527 0.053609
28 0.496802 0.441646 0.026819 0.029656
28 0.478837 0.447235 0.018863 0.043115
27 0.102092 0.641368 0.012704 0.052696
9 0.102229 0.473283 0.044282 0.078454
4 0.143250 0.579101 0.044433 0.078184
3 0.279735 0.567238 0.045040 0.079262
12 0.085731 0.548066 0.009496 0.029428
12 0.057822 0.446893 0.010137 0.030568
12 0.050059 0.428757 0.010009 0.029884
12 0.037612 0.386326 0.009752 0.029428
12 0.035238 0.383019 0.010137 0.030568
12 0.029335 0.347431 0.010137 0.031025
12 0.022021 0.328269 0.010137 0.028743
12 0.018171 0.330664 0.009111 0.027603
12 0.009061 0.284127 0.008854 0.028059
12 0.006430 0.281618 0.010009 0.028972
12 0.188643 0.370700 0.007956 0.024637
12 0.234710 0.364997 0.010009 0.030568
12 0.423468 0.204170 0.009752 0.031025
12 0.449452 0.218656 0.009367 0.029428
12 0.470047 0.248426 0.009752 0.029200
12 0.451441 0.304202 0.010009 0.029428
12 0.478003 0.319600 0.010266 0.030568
12 0.498919 0.350397 0.010522 0.032393
12 0.476656 0.392714 0.003978 0.007072
12 0.553134 0.511452 0.010394 0.032393
12 0.570008 0.579661 0.009496 0.026919
12 0.593041 0.612852 0.009111 0.025322
12 0.617679 0.622662 0.005774 0.015740
12 0.640648 0.617529 0.006031 0.014144