27 0.760947 0.974268 0.015912 0.051464
27 0.928083 0.894927 0.016297 0.052468
27 0.466839 0.601788 0.015398 0.052925
27 0.906333 0.887627 0.015655 0.052468
17 0.819781 0.322566 0.065571 0.035587
27 0.780067 0.978553 0.013089 0.042242
27 0.951758 0.903709 0.016168 0.052696
26 0.521953 0.610913 0.039651 0.132311
28 0.683121 0.848161 0.028615 0.033762
27 0.737336 0.975066 0.015142 0.049868
28 0.704422 0.928461 0.026562 0.042887
28 0.654442 0.774820 0.026947 0.034903
28 0.870724 0.920494 0.030668 0.019653
27 0.976972 0.840747 0.015270 0.052696
27 0.881888 0.899717 0.016040 0.053381
27 0.996410 0.777101 0.007180 0.052240
28 0.665349 0.804362 0.017965 0.053381
12 0.961702 0.549434 0.010650 0.031253
12 0.934948 0.590496 0.009496 0.026690
12 0.909733 0.640227 0.009881 0.030340
12 0.879065 0.669199 0.009624 0.030797
12 0.855775 0.641938 0.010009 0.028743
12 0.830817 0.617985 0.010137 0.030112
12 0.849359 0.564490 0.008469 0.023953
12 0.881952 0.541450 0.011035 0.035815
12 0.907103 0.491263 0.010009 0.029884
12 0.932702 0.447691 0.010137 0.031253
12 0.879322 0.392714 0.010650 0.033534
12 0.904536 0.347317 0.010009 0.029428
12 0.853080 0.440163 0.010779 0.033078
12 0.827288 0.541336 0.010009 0.028287
12 0.802394 0.516927 0.008982 0.027831
12 0.821770 0.465485 0.009496 0.027603
12 0.799122 0.442102 0.010650 0.032850
12 0.774485 0.418264 0.010907 0.033990
12 0.711095 0.604640 0.010650 0.031709
12 0.685752 0.591409 0.009239 0.026690
12 0.662334 0.568711 0.010137 0.034218
12 0.682223 0.502327 0.009111 0.028743
12 0.658099 0.492404 0.009881 0.030340
12 0.633783 0.466626 0.010779 0.032622
12 0.655276 0.403436 0.011420 0.033534
12 0.629484 0.390889 0.009624 0.027603
12 0.606066 0.367392 0.011292 0.033990
28 0.911145 0.900401 0.028102 0.022812
26 0.062634 0.883863 0.075708 0.072315
0 0.434311 0.286408 0.017066 0.127065