28 0.981143 0.816452 0.028487 0.034675
28 0.952463 0.744365 0.027075 0.035587
26 0.819846 0.579318 0.039266 0.132083
17 0.918266 0.323250 0.064673 0.036500
0 0.514959 0.342299 0.064930 0.113833
28 0.963756 0.772881 0.017836 0.052925
26 0.360848 0.852153 0.074938 0.072315
28 0.761524 0.585021 0.022456 0.048590
28 0.994485 0.887284 0.011030 0.025322
11 0.527791 0.878388 0.005389 0.010722
11 0.505849 0.845082 0.005133 0.010266
11 0.482494 0.797746 0.005646 0.010037
11 0.464273 0.746989 0.005903 0.009353
11 0.444897 0.694749 0.005646 0.008897
11 0.435209 0.646158 0.006544 0.008897
12 0.961125 0.402067 0.010779 0.033078
12 0.936744 0.391801 0.010779 0.034447
12 0.912043 0.365681 0.010650 0.033762
12 0.932959 0.300324 0.010650 0.031253
12 0.907167 0.290058 0.009111 0.030797
12 0.883556 0.263482 0.009881 0.030568
12 0.900751 0.187517 0.003721 0.005931
12 0.879899 0.190369 0.011035 0.033534
12 0.855711 0.164135 0.011164 0.033990