17 0.499112 0.107560 0.041190 0.094215
12 0.789947 0.173259 0.011035 0.032165
12 0.764155 0.222078 0.011549 0.033990
12 0.733615 0.251392 0.011805 0.035587
12 0.710261 0.224587 0.011549 0.032622
12 0.684790 0.199380 0.010650 0.031025
12 0.705064 0.149307 0.010650 0.032622
12 0.682095 0.124669 0.010907 0.034903
12 0.657009 0.099576 0.011549 0.033534
12 0.653159 0.022470 0.011035 0.032622
12 0.676706 0.049161 0.011677 0.033078
12 0.707438 0.019505 0.010779 0.031709
12 0.759086 0.062734 0.005774 0.013231
12 0.787445 0.029884 0.010907 0.034218
12 0.735540 0.120563 0.010779 0.031709
0 0.496994 0.495711 0.053381 0.131855
12 0.537608 0.086002 0.011420 0.035587