0 0.376759 0.295647 0.031567 0.123643
17 0.291235 0.082010 0.052226 0.080984
12 0.129296 0.920704 0.018350 0.020987
12 0.192621 0.922529 0.016168 0.021900
12 0.169652 0.856374 0.017965 0.023269
12 0.226369 0.812916 0.017451 0.027147
12 0.220723 0.782006 0.016168 0.025550
12 0.127179 0.237704 0.010266 0.031937
12 0.157654 0.208618 0.010137 0.029428
12 0.104081 0.211128 0.010266 0.029884
12 0.078674 0.186262 0.009496 0.028972
12 0.183703 0.159458 0.009624 0.028287
12 0.209239 0.116001 0.009367 0.028059
12 0.129552 0.108358 0.010137 0.031481
12 0.098435 0.136760 0.010009 0.030340
12 0.075081 0.109157 0.009496 0.028059
12 0.050957 0.086116 0.010266 0.030797
12 0.069692 0.033990 0.008982 0.026462
12 0.154703 0.058057 0.008597 0.025322
12 0.178506 0.006844 0.005646 0.010494