1 0.213152 0.201775 0.022328 0.039922
0 0.456702 0.167899 0.073399 0.072087
17 0.702369 0.282416 0.045810 0.114062
12 0.100485 0.936321 0.020473 0.025342
12 0.060517 0.829683 0.019376 0.022356
12 0.145143 0.778128 0.020274 0.026919
12 0.115309 0.720755 0.016553 0.022128
12 0.194418 0.624373 0.015912 0.025094
12 0.188194 0.596085 0.015783 0.024637
12 0.059298 0.023040 0.009239 0.026919
12 0.228679 0.076421 0.010009 0.031937
12 0.253380 0.099918 0.010137 0.030112
12 0.276414 0.126494 0.009752 0.030340
12 0.307467 0.099234 0.010779 0.032393
12 0.333708 0.051100 0.010650 0.032393
12 0.247991 0.025436 0.009881 0.030797