26 0.620117 0.815083 0.057615 0.133224
22 0.818755 0.875764 0.076093 0.146455
31 0.662077 0.713227 0.025279 0.045396
29 0.759536 0.706725 0.053894 0.122730
28 0.815804 0.868692 0.073784 0.078018
30 0.243949 0.719386 0.013345 0.052696
30 0.264352 0.736837 0.013602 0.052468
0 0.429563 0.093987 0.054536 0.089424
31 0.331078 0.936787 0.026690 0.042659
4 0.610878 0.595971 0.022456 0.040378
31 0.497444 0.929259 0.030668 0.018478
4 0.113192 0.468337 0.021558 0.039693
31 0.540944 0.906675 0.031951 0.035359
31 0.309841 0.856602 0.028615 0.034218
4 0.564619 0.593348 0.021301 0.039237
31 0.089709 0.625057 0.022328 0.048818
30 0.279750 0.756228 0.013089 0.052468
31 0.215655 0.715508 0.021429 0.051784
31 0.276670 0.781321 0.018478 0.029656
4 0.581878 0.593918 0.022969 0.041747
30 0.222776 0.705356 0.012575 0.051556
10 0.538377 0.590382 0.043244 0.078018
30 0.123842 0.620381 0.013089 0.052240
31 0.683827 0.669769 0.026690 0.043343
31 0.109920 0.637033 0.028359 0.032165
28 0.943032 0.815654 0.075708 0.081896
30 0.102862 0.610115 0.028872 0.035815
31 0.293609 0.782006 0.012832 0.052012
31 0.292133 0.813373 0.018350 0.052240
31 0.696018 0.654371 0.023867 0.045853
31 0.713597 0.649352 0.029513 0.034903
4 0.526957 0.588329 0.022712 0.038781
15 0.129552 0.153641 0.009881 0.029428
15 0.127307 0.148280 0.010522 0.031937
15 0.114796 0.099119 0.010650 0.032622
15 0.107032 0.086915 0.010009 0.030112
15 0.101066 0.052582 0.009111 0.027603
15 0.087271 0.033762 0.010009 0.030568
15 0.099269 0.048248 0.011420 0.031709