26 0.454585 0.916598 0.053766 0.140524
28 0.819140 0.806529 0.074810 0.079615
31 0.241190 0.918765 0.026562 0.043115
4 0.472742 0.451455 0.022328 0.039237
4 0.509506 0.472329 0.021686 0.039009
28 0.644626 0.634410 0.063261 0.102199
30 0.156564 0.702733 0.016425 0.052696
31 0.407556 0.911465 0.030797 0.019390
30 0.135006 0.687563 0.016425 0.053381
30 0.114090 0.672849 0.015655 0.053153
30 0.173053 0.716762 0.016040 0.052468
28 0.945663 0.784059 0.076093 0.072087
4 0.014322 0.374806 0.021943 0.040606
31 0.191402 0.766721 0.027075 0.036956
31 0.020289 0.619582 0.028743 0.032850
31 0.593875 0.651861 0.026690 0.043115
31 0.219825 0.838466 0.028743 0.034903
31 0.572318 0.695433 0.024894 0.045853
22 0.699290 0.746418 0.068651 0.156036
28 0.702049 0.805845 0.051328 0.117483
18 0.610942 0.570878 0.023097 0.028059
31 0.604975 0.636577 0.024252 0.046765
31 0.616845 0.638973 0.015912 0.019619
31 0.202181 0.795351 0.018606 0.053153
31 0.126858 0.697942 0.018863 0.051784
31 0.014379 0.592435 0.028758 0.036956
30 0.188130 0.735355 0.016168 0.053609
30 0.015220 0.584679 0.016553 0.052468
0 0.434824 0.419860 0.031438 0.127521