18 0.173722 0.213640 0.065585 0.079369
28 0.874253 0.802537 0.026690 0.042887
27 0.596570 0.540994 0.014885 0.050871
28 0.824465 0.649352 0.027204 0.034447
27 0.705385 0.551259 0.014885 0.051784
27 0.728675 0.543275 0.014757 0.051328
28 0.632885 0.490579 0.021301 0.048590
27 0.766834 0.571582 0.014917 0.052201
27 0.750361 0.560156 0.013730 0.050871
28 0.653480 0.502669 0.028872 0.033534
28 0.760177 0.581600 0.018735 0.050415
28 0.853209 0.720869 0.028487 0.033762
23 0.992304 0.828087 0.015392 0.083037
28 0.835372 0.679122 0.018735 0.053381
28 0.646807 0.475751 0.029642 0.036272
27 0.783916 0.584451 0.014885 0.050643
25 0.232724 0.757980 0.075067 0.072522
12 0.463255 0.203573 0.022783 0.008194
0 0.572234 0.095875 0.066638 0.028329
15 0.866969 0.322275 0.023705 0.024583
13 0.976541 0.377880 0.028710 0.016857