8 0.562886 0.350055 0.045553 0.079159
29 0.794567 0.753148 0.068522 0.093302
31 0.177287 0.842344 0.022456 0.049046
4 0.575205 0.349827 0.019633 0.036728
4 0.340509 0.056689 0.019376 0.038553
4 0.352764 0.054521 0.021044 0.040150
31 0.512393 0.605895 0.018735 0.052925
4 0.593362 0.350055 0.021558 0.039922
0 0.510019 0.237476 0.074040 0.067524
28 0.727712 0.830596 0.074938 0.081212
28 0.684918 0.817935 0.056845 0.068665
28 0.406401 0.498335 0.059540 0.080527
28 0.382790 0.451569 0.063903 0.101515
28 0.312215 0.570308 0.045938 0.094899
23 0.314396 0.559586 0.076992 0.149649
27 0.376567 0.477690 0.068394 0.119080
31 0.431231 0.462177 0.019889 0.052468
31 0.432642 0.464801 0.028872 0.035359
31 0.613829 0.720184 0.012447 0.052925
29 0.570265 0.590610 0.065699 0.098093
13 0.513099 0.321882 0.013217 0.021444