29 0.914866 0.628137 0.065571 0.100146
31 0.522145 0.880783 0.022841 0.049731
4 0.948421 0.214778 0.020274 0.039009
8 0.855326 0.196642 0.044783 0.078931
28 0.572061 0.816908 0.048505 0.124555
28 0.977868 0.789077 0.044264 0.108587
4 0.681197 0.391117 0.020659 0.039465
28 0.983129 0.853864 0.033742 0.065699
23 0.654185 0.603956 0.067496 0.137102
31 0.956890 0.752806 0.009496 0.043343
31 0.856994 0.643877 0.018863 0.054065
31 0.760562 0.558787 0.029770 0.029884
31 0.747730 0.567000 0.017195 0.030797
31 0.775704 0.500274 0.020018 0.052468
31 0.777372 0.503011 0.029000 0.036043
14 0.456078 0.580633 0.004214 0.011238
14 0.461082 0.574780 0.004214 0.009365
14 0.461807 0.566468 0.004083 0.008194
14 0.464704 0.557220 0.003819 0.008897
14 0.464770 0.547387 0.003951 0.009833
14 0.478335 0.548792 0.003951 0.010302
14 0.499669 0.545865 0.003951 0.011004
14 0.518963 0.543758 0.003556 0.011004
14 0.536412 0.532520 0.003951 0.011004
14 0.548199 0.519058 0.004609 0.011238
13 0.489002 0.475745 0.007375 0.023413
13 0.531342 0.465443 0.007770 0.023413
0 0.555706 0.449522 0.064136 0.068365
6 0.698841 0.392143 0.044142 0.078474
4 0.893180 0.196528 0.022199 0.022128