23 0.172026 0.780067 0.076607 0.151246
29 0.653650 0.963475 0.068158 0.073050
4 0.416025 0.114860 0.022584 0.039922
30 0.881983 0.715416 0.016664 0.052917
30 0.897978 0.738531 0.016578 0.056291
31 0.367328 0.820787 0.012960 0.040150
28 0.402423 0.824551 0.061593 0.076877
30 0.926290 0.812353 0.018215 0.059796
30 0.912552 0.771422 0.015591 0.055828
31 0.273655 0.742084 0.030412 0.030112
31 0.288797 0.683799 0.019633 0.052696
31 0.471523 0.941920 0.011934 0.054293
31 0.256139 0.749954 0.026690 0.032622
31 0.290529 0.686422 0.028743 0.033762
12 0.038318 0.809038 0.044527 0.079615
27 0.234710 0.700338 0.068009 0.123643
29 0.243243 0.679921 0.047606 0.122958
28 0.442395 0.836641 0.057615 0.112465
15 0.843585 0.503924 0.010522 0.031481
15 0.829919 0.451569 0.011164 0.034903
15 0.814328 0.400470 0.010009 0.030340
15 0.812916 0.391687 0.009239 0.031025
15 0.799571 0.346519 0.011035 0.032393
15 0.784879 0.294735 0.009367 0.026919
15 0.784173 0.288576 0.010009 0.031937
15 0.770379 0.243179 0.011677 0.031937
15 0.755558 0.186034 0.010522 0.032622
15 0.739582 0.135847 0.009881 0.028059
0 0.462092 0.446095 0.065956 0.095584
13 0.422441 0.471986 0.008469 0.023725
13 0.367392 0.430240 0.011035 0.024637