26 0.065970 0.606237 0.067753 0.094215
17 0.707502 0.239301 0.056332 0.082124
28 0.387859 0.819418 0.030668 0.017337
28 0.374706 0.763071 0.028230 0.036500
26 0.101258 0.592778 0.073912 0.098777
28 0.448362 0.660302 0.013858 0.053609
26 0.323635 0.755772 0.067496 0.093530
28 0.559935 0.527306 0.028615 0.037184
0 0.452275 0.269641 0.075323 0.083037
28 0.368611 0.786340 0.012190 0.054293
28 0.357768 0.760562 0.016168 0.026919
28 0.505143 0.513049 0.011420 0.055206
28 0.521760 0.502327 0.028487 0.031937
28 0.544793 0.501186 0.030155 0.021900
12 0.486921 0.375034 0.031695 0.010494
12 0.486857 0.359636 0.032336 0.010722
12 0.490643 0.340017 0.033748 0.010266
12 0.488333 0.323821 0.023739 0.008441
12 0.492760 0.311388 0.031053 0.008212