30 0.885160 0.498905 0.016168 0.051556
31 0.080406 0.766950 0.031182 0.016881
30 0.980822 0.578178 0.016810 0.051784
30 0.940851 0.569509 0.015912 0.052696
31 0.252097 0.474952 0.028615 0.036043
30 0.903959 0.533580 0.016040 0.052012
29 0.024837 0.703075 0.049674 0.092162
31 0.197048 0.460466 0.010907 0.054978
30 0.922308 0.557761 0.016297 0.052012
31 0.140524 0.608062 0.014115 0.054065
31 0.214051 0.449402 0.029513 0.032850
31 0.060773 0.733758 0.011934 0.054065
31 0.067061 0.710603 0.028615 0.037412
31 0.049225 0.710261 0.017580 0.023040
31 0.236956 0.448490 0.030412 0.021444
30 0.962280 0.573957 0.013602 0.030112
15 0.980501 0.400356 0.009496 0.028743
15 0.977806 0.296902 0.009752 0.030797
15 0.950859 0.293936 0.010266 0.029428
20 0.261657 0.296332 0.030027 0.110412
0 0.423275 0.140638 0.031695 0.127065
14 0.615497 0.231545 0.006288 0.007300
14 0.607028 0.252874 0.005774 0.007072
14 0.602345 0.275002 0.006159 0.006616
14 0.591117 0.268501 0.005261 0.006844
14 0.596249 0.269185 0.005518 0.007300
14 0.585278 0.277055 0.006416 0.006616
14 0.580274 0.305799 0.007956 0.007072
14 0.567313 0.350283 0.006159 0.006616
14 0.555701 0.391459 0.005774 0.006844
14 0.533501 0.388950 0.006544 0.007300
14 0.543318 0.418834 0.006416 0.007756
14 0.539596 0.425563 0.006673 0.007984
14 0.534528 0.415640 0.006544 0.007756