30 0.981528 0.671024 0.018221 0.052696
31 0.180688 0.919222 0.027717 0.036272
30 0.961895 0.646957 0.017965 0.043343
20 0.551723 0.088854 0.049916 0.094215
30 0.994549 0.703417 0.010901 0.051328
31 0.365916 0.683342 0.028359 0.036728
31 0.193969 0.975682 0.031438 0.018250
31 0.163044 0.917625 0.017323 0.025322
31 0.254086 0.816794 0.013858 0.053609
31 0.311317 0.669199 0.010522 0.054978
31 0.350839 0.657450 0.030283 0.021900
31 0.327934 0.658591 0.029642 0.032393
31 0.174657 0.942376 0.012319 0.054293
29 0.129745 0.912150 0.067496 0.092846
0 0.506875 0.334771 0.053381 0.132996
15 0.984864 0.219112 0.011805 0.034447
15 0.981399 0.113833 0.010779 0.031937