12 0.913519 0.563236 0.009752 0.027375
12 0.895361 0.553769 0.010137 0.031253
12 0.849166 0.556848 0.010394 0.029656
12 0.822284 0.554453 0.010266 0.030340
12 0.884518 0.459782 0.011292 0.034447
12 0.865976 0.449174 0.011420 0.032850
12 0.818627 0.449288 0.009624 0.028515
12 0.791936 0.446893 0.009881 0.028287
12 0.853914 0.351652 0.010137 0.028515
12 0.835629 0.342527 0.011035 0.033534
12 0.789626 0.346633 0.011677 0.034903
12 0.763064 0.344124 0.010650 0.033078
17 0.453815 0.334314 0.062748 0.068209
0 0.526444 0.329296 0.063005 0.110640
11 0.551851 0.303290 0.005774 0.010266
11 0.558203 0.295419 0.005646 0.009125
11 0.561667 0.286865 0.005389 0.008441
11 0.569944 0.282873 0.005518 0.008669
11 0.574243 0.275573 0.005646 0.009581
11 0.582519 0.270440 0.006031 0.008441
11 0.589705 0.269413 0.004491 0.008669
11 0.593555 0.265079 0.006031 0.008212
11 0.603628 0.268045 0.005646 0.008212
11 0.624351 0.240898 0.005518 0.008669