17 0.521632 0.641368 0.037726 0.109271
0 0.514831 0.424309 0.054921 0.132768
12 0.928853 0.535747 0.011420 0.032622
12 0.909733 0.522972 0.009881 0.028515
12 0.863538 0.527078 0.010650 0.030340
12 0.836720 0.524569 0.009881 0.029884
12 0.898698 0.428985 0.010650 0.032622
12 0.880091 0.419290 0.010650 0.033306
12 0.834217 0.421799 0.011292 0.033306
12 0.807270 0.420317 0.010779 0.035359
12 0.868928 0.324277 0.011420 0.033534
12 0.850578 0.313213 0.011164 0.034675
12 0.804062 0.315038 0.010266 0.031481
12 0.777179 0.312985 0.010394 0.032393