22 0.968757 0.697030 0.062486 0.141664
31 0.897543 0.695433 0.023482 0.047221
4 0.922950 0.478602 0.022199 0.039693
30 0.865976 0.750525 0.015527 0.051100
30 0.936359 0.649694 0.009239 0.051556
30 0.920127 0.650493 0.016297 0.050415
4 0.855069 0.545784 0.021943 0.039009
31 0.140331 0.922986 0.028872 0.033762
31 0.348722 0.693380 0.028102 0.036272
26 0.813815 0.783603 0.087514 0.072543
31 0.294250 0.679350 0.010009 0.054293
31 0.177159 0.985719 0.030925 0.017337
0 0.549477 0.059768 0.073912 0.069806
31 0.163429 0.929259 0.028102 0.036728
31 0.237405 0.826832 0.013858 0.053609
16 0.504052 0.260973 0.031310 0.030112
31 0.157398 0.952414 0.011934 0.054293
31 0.310611 0.668400 0.028872 0.032850
31 0.333708 0.667260 0.029642 0.021900
4 0.563271 0.593576 0.022456 0.039693
4 0.598431 0.589584 0.022199 0.037640
9 0.593683 0.590040 0.044270 0.077790
15 0.842751 0.176909 0.009881 0.031253
15 0.826454 0.146113 0.011420 0.033534
15 0.776474 0.078018 0.011035 0.034675
15 0.810542 0.061935 0.005774 0.012547
15 0.796620 0.040378 0.011035 0.032850