27 0.743279 0.581334 0.023900 0.060288
17 0.391773 0.175769 0.058000 0.080071
27 0.767359 0.547454 0.020593 0.054393
27 0.786717 0.515711 0.021611 0.053990
26 0.193263 0.731590 0.070576 0.084862
27 0.998463 0.677297 0.003074 0.017337
17 0.241832 0.013573 0.021943 0.027146
16 0.234453 0.016881 0.015398 0.026919
0 0.427574 0.373437 0.045938 0.109499
11 0.453815 0.335455 0.005518 0.009809
11 0.466198 0.342413 0.005646 0.010037
11 0.479864 0.362602 0.005774 0.008897
11 0.494813 0.388836 0.005903 0.007528
11 0.507196 0.417921 0.006544 0.007300
11 0.513291 0.442445 0.005903 0.007984
11 0.520798 0.468108 0.006288 0.006844
12 0.980052 0.417351 0.012190 0.035815
12 0.955158 0.392372 0.009624 0.028287
12 0.931227 0.380395 0.010522 0.033078
12 0.949640 0.308879 0.011164 0.032393
12 0.912428 0.327014 0.010394 0.029428
12 0.925260 0.287435 0.010137 0.031025
12 0.899147 0.268045 0.006416 0.019619
12 0.894848 0.269185 0.009881 0.030568
12 0.882914 0.222534 0.010650 0.033534
12 0.918074 0.195958 0.006801 0.017794
12 0.895618 0.182612 0.010907 0.033078
12 0.871558 0.169039 0.011292 0.035131
12 0.865206 0.164591 0.011677 0.035359
12 0.834859 0.054864 0.010779 0.026690