17 0.392799 0.182270 0.056717 0.085318
17 0.604654 0.525139 0.063390 0.036956
27 0.863987 0.981568 0.012062 0.036864
12 0.998463 0.602131 0.003074 0.009809
12 0.978320 0.599621 0.010779 0.033534
12 0.995448 0.527306 0.009104 0.031253
12 0.959970 0.547951 0.011805 0.034675
12 0.972417 0.506775 0.010522 0.032165
12 0.947908 0.492061 0.010522 0.031481
12 0.941107 0.486358 0.009496 0.029656
12 0.966964 0.422940 0.011164 0.033762
12 0.929623 0.440962 0.010394 0.032393
12 0.943096 0.401839 0.011677 0.034447
12 0.918074 0.386668 0.010650 0.032393
12 0.912107 0.383019 0.011549 0.034218
12 0.898313 0.331235 0.007314 0.026006
12 0.882273 0.276827 0.011164 0.033534
12 0.715907 0.057031 0.007699 0.020531
12 0.698071 0.050871 0.012062 0.036956
0 0.472036 0.385186 0.053766 0.114290
11 0.422441 0.351994 0.005903 0.009125
11 0.415704 0.347203 0.005774 0.008669
11 0.409609 0.341500 0.005903 0.008669
11 0.428536 0.349028 0.005774 0.008669
11 0.438673 0.346975 0.005518 0.008669
11 0.445603 0.351766 0.005518 0.008669
11 0.451569 0.353248 0.004619 0.009809
11 0.437839 0.205197 0.005133 0.011634
11 0.464145 0.159116 0.004876 0.010266
11 0.499561 0.119993 0.003336 0.008669
11 0.585920 0.071517 0.003850 0.011178
11 0.635900 0.067296 0.003721 0.010950
11 0.724825 0.066156 0.004235 0.010494
11 0.728739 0.054864 0.004363 0.009809
11 0.737465 0.053381 0.004619 0.010037
11 0.756071 0.060795 0.004876 0.011178
11 0.781029 0.068893 0.004491 0.009581
11 0.805089 0.065129 0.004106 0.006616
11 0.809837 0.061365 0.004876 0.009581
11 0.825556 0.064901 0.004491 0.006616
11 0.921346 0.194361 0.005133 0.009581
11 0.982618 0.323592 0.005774 0.008897