18 0.759279 0.323592 0.067753 0.066840
0 0.469021 0.443129 0.064930 0.096040
17 0.590539 0.240099 0.058514 0.079159
12 0.661243 0.482822 0.018991 0.012547
12 0.673369 0.460238 0.019889 0.013916
12 0.684148 0.427617 0.019120 0.013916
12 0.695697 0.394197 0.020659 0.011862
12 0.708144 0.367050 0.022199 0.010037
12 0.717832 0.347431 0.014885 0.005931
12 0.804832 0.370928 0.010522 0.031937
12 0.780965 0.348914 0.010009 0.030340
12 0.757482 0.336938 0.011292 0.033306
12 0.738748 0.284926 0.010779 0.033306
12 0.775319 0.265079 0.011292 0.034218
12 0.751644 0.245574 0.011934 0.036728
12 0.727263 0.230062 0.011677 0.033078
12 0.721296 0.227895 0.012319 0.036956
12 0.709106 0.180217 0.011805 0.037412
12 0.746383 0.161169 0.011934 0.036728
12 0.721810 0.139725 0.011805 0.035359
12 0.677796 0.071859 0.008726 0.031481
12 0.660922 0.014258 0.009624 0.028515