17 0.607798 0.258463 0.020146 0.116343
0 0.449645 0.357469 0.075195 0.067981
12 0.435145 0.817593 0.022328 0.014144
12 0.446308 0.798316 0.019761 0.014828
12 0.455547 0.758167 0.019505 0.013003
12 0.464209 0.707295 0.019120 0.011634
12 0.473769 0.654827 0.019761 0.010266
12 0.487178 0.571904 0.023739 0.008669
12 0.721168 0.417123 0.012062 0.037640
12 0.697686 0.397162 0.012319 0.038325
12 0.673113 0.382448 0.011934 0.037184
12 0.691591 0.310133 0.011677 0.035359
12 0.654635 0.329980 0.011420 0.035815
12 0.667017 0.288576 0.011035 0.034218
12 0.642958 0.273748 0.010394 0.030568
12 0.636413 0.269870 0.011164 0.033306
12 0.661756 0.204512 0.012062 0.034903
12 0.624800 0.223332 0.011549 0.035131
12 0.637504 0.182612 0.010779 0.032622
12 0.613701 0.169267 0.011677 0.034675
12 0.606579 0.163108 0.010266 0.031481
12 0.594774 0.116457 0.011292 0.032165
12 0.577001 0.058057 0.010907 0.033078
18 0.603371 0.647983 0.075965 0.033534
11 0.423532 0.191395 0.005004 0.010494
11 0.438160 0.161397 0.004491 0.011178
11 0.496674 0.097180 0.003721 0.011862
11 0.532154 0.078474 0.003850 0.010494
11 0.570265 0.075965 0.004106 0.011406
11 0.613765 0.078360 0.004619 0.011178
11 0.769929 0.216489 0.006159 0.010037
11 0.779810 0.220367 0.005646 0.008669
11 0.784045 0.213637 0.005646 0.007984
11 0.789370 0.205653 0.006031 0.008897
11 0.797005 0.198809 0.005646 0.009353
11 0.801239 0.198239 0.005133 0.008669
11 0.805602 0.190255 0.005646 0.008212