16.0 0.6603328132629395 0.4680739508734809 0.047762718200683674 0.1549843682183159
20.0 0.5726581192016602 0.5244598219129775 0.07500816345214834 0.15195654975043404
20.0 0.9514457702636718 0.8579049682617188 0.09351486206054693 0.11708190917968742
16.0 0.024175508022308348 0.7325771077473958 0.048351016044616696 0.09244303385416663
22.0 0.4416300201416016 0.8272494167751736 0.017250900268554692 0.058870307074652795
22.0 0.39798286437988284 0.8467501491970486 0.01886520385742191 0.06520060221354163
22.0 0.14408150672912595 0.6427619425455728 0.016238956451416015 0.05685282389322921
22.0 0.12811795234680176 0.6292687988281249 0.01702108383178709 0.05435858832465279
22.0 0.1576467275619507 0.6627484130859376 0.019988946914672873 0.06245686848958332
22.0 0.42125299453735354 0.8175763278537327 0.015714530944824168 0.055905015733506924
22.0 0.4162578582763672 0.8181097751193577 0.013821487426757817 0.05739481608072916
16.0 0.9157321166992187 0.8380807495117188 0.06024414062500005 0.06457716200086805
