16.0 0.4619541358947754 0.7778833685980903 0.06601871490478517 0.13585598415798605
20.0 0.9285810852050782 0.6118115573459202 0.09105194091796875 0.1189727783203125
2.0 0.1391633129119873 0.4964338005913629 0.046390132904052736 0.08095855712890626
20.0 0.6123636627197265 0.8292178005642361 0.08191253662109377 0.14368109809027785
23.0 0.2167013645172119 0.7005799357096354 0.025515995025634758 0.029690687391493054
20.0 0.796270294189453 0.5062002224392361 0.05200927734375005 0.1421986219618055
23.0 0.5604750633239746 0.8908709716796875 0.033703651428222625 0.031817491319444446
22.0 0.13807633876800535 0.7449367268880208 0.015848016738891607 0.054154188368055634
16.0 0.9916213989257813 0.7446320597330729 0.016757202148437456 0.14032368977864584
23.0 0.1632694673538208 0.7683536444769965 0.026141920089721687 0.04030212402343747
16.0 0.17488574504852294 0.7231320529513889 0.07183533668518066 0.09379286024305555
