16.0 0.3526339530944824 0.7038516235351563 0.08975627899169925 0.09465488009982637
20.0 0.703383903503418 0.4216246710883247 0.09329399108886716 0.10861568874782984
20.0 0.8173298263549804 0.48581622653537326 0.09127723693847656 0.1237442016601562
16.0 0.9489846801757813 0.7094481743706598 0.06696487426757802 0.11869154188368058
23.0 0.14780991554260253 0.6454809231228298 0.021862373352050768 0.03012281629774305
20.0 0.5424343872070312 0.7766873847113716 0.07915748596191408 0.1503920491536458
23.0 0.093901104927063 0.7121201578776042 0.027592267990112315 0.0414438205295139
16.0 0.10542280197143555 0.6684011840820312 0.07313091278076173 0.09313985188802076
6.0 0.45216760635375974 0.15805804358588327 0.06213344573974605 0.08819143507215713
22.0 0.07362748861312866 0.7022484673394097 0.013831677436828616 0.04419162326388881
