23.0 0.18182580947875976 0.8181907823350695 0.0304730987548828 0.04228963216145831
13.0 0.3356329345703125 0.501465555826823 0.022783432006835913 0.043399386935763895
13.0 0.42087512969970703 0.26254018147786456 0.0231475830078125 0.04276506212022568
23.0 0.4151404190063477 0.817134772406684 0.029554748535156217 0.04463562011718747
22.0 0.4476496124267578 0.7574043782552083 0.020852355957031277 0.05609130859375
23.0 0.3883636283874512 0.8193163045247396 0.029784584045410123 0.03950717502170131
15.0 0.2698636817932129 0.8006654866536458 0.039621925354003884 0.05374728732638889
22.0 0.9059342193603516 0.5020088195800781 0.024396362304687447 0.05428639729817708
19.0 0.5884424591064453 0.7609272257486979 0.12171142578124994 0.14693433973524306
15.0 0.23465548515319826 0.8022305636935765 0.04324396133422853 0.05042182074652779
18.0 0.5881387138366698 0.7606946818033854 0.12241306304931643 0.14711459689670137
