16.0 0.36210210800170894 0.749110853407118 0.052507820129394533 0.12565809461805555
22.0 0.933434944152832 0.707975802951389 0.023226547241210982 0.06033664279513895
22.0 0.7135641860961914 0.45741792466905384 0.02607887268066411 0.05894616021050347
23.0 0.03290088355541229 0.8063960096571181 0.031074262857437137 0.04296413845486102
23.0 0.26623502731323245 0.803949957953559 0.03013095855712894 0.045963338216145844
22.0 0.24723009109497068 0.7615131293402777 0.01925624847412108 0.05835978190104163
23.0 0.5177975273132325 0.8225344509548611 0.030385169982910187 0.03743245442708343
23.0 0.23959776878356936 0.8057425265842013 0.029693470001220718 0.03628106011284726
16.0 0.845406494140625 0.5182174004448785 0.07317977905273432 0.10115051269531256
20.0 0.8447136688232422 0.5159284803602431 0.07071655273437494 0.10587951660156253
19.0 0.43835805892944335 0.7554390123155382 0.12429973602294919 0.13188632541232637
