19.0 0.5683210182189942 0.7653837415907119 0.12260562896728511 0.12861999511718747
23.0 0.16145747184753417 0.8144137573242187 0.03142732620239258 0.039781561957465295
22.0 0.3179663944244385 0.7857326931423612 0.0203993797302246 0.05644802517361114
13.0 0.4602545356750488 0.637445543077257 0.023513679504394536 0.0385171169704861
23.0 0.6474002265930175 0.8304879082573785 0.030401725769042987 0.034321628146701366
23.0 0.39575466156005856 0.8118622843424479 0.030148239135742216 0.04778082953559026
23.0 0.3690420913696289 0.8139464314778646 0.028449325561523464 0.039662204318576366
22.0 0.8335548782348633 0.47102500067816844 0.02056068420410151 0.059784172905816
15.0 0.23134435653686522 0.7984974839952257 0.07577495574951171 0.047858818901909794
22.0 0.9515474700927734 0.502050052218967 0.01550369262695317 0.048478495279947964
