6.0 0.42762643814086915 0.554520992702908 0.04621891021728519 0.11096967909071181
16.0 0.5899177360534669 0.636366712782118 0.05390697479248041 0.1293572319878472
22.0 0.6435111999511719 0.5445454915364583 0.025560913085937553 0.06202962239583332
22.0 0.7704951477050781 0.560657942030165 0.02222991943359376 0.05980526394314234
22.0 0.9659640502929687 0.7176426527235242 0.026142425537109326 0.06412957085503479
23.0 0.11009437561035157 0.8174242485894097 0.028818988800048836 0.03328911675347224
22.0 0.8701129150390625 0.7476990763346354 0.016380462646484406 0.057257961697048554
19.0 0.41689334869384764 0.76925537109375 0.1236127471923828 0.1357088216145833
16.0 0.8474089813232422 0.695788065592448 0.057223968505859424 0.12794467502170137
23.0 0.1697190523147583 0.8103138563368055 0.02233675956726075 0.05055989583333331
