22.0 0.9336572265625 0.49913957383897567 0.02172775268554694 0.05996778700086808
16.0 0.48438249588012694 0.7302554999457466 0.07553768157958984 0.08685594346788195
23.0 0.42212141036987305 0.7875821261935765 0.023738441467285154 0.05325995551215279
23.0 0.3624744033813476 0.7953956095377605 0.029613876342773404 0.03613043891059031
15.0 0.03255526065826416 0.7776772732204862 0.04394372940063476 0.0574045138888889
16.0 0.3944427680969238 0.767849358452691 0.07746845245361328 0.062293633355034794
19.0 0.6699096298217773 0.7483527967664931 0.12424415588378912 0.13163248697916663
7.0 0.4334199714660645 0.5051201714409722 0.07059955596923828 0.033351101345486134
14.0 0.6736148834228515 0.7825698852539062 0.02484237670898437 0.04521952311197919
18.0 0.6696985054016114 0.7481275431315104 0.12360408782958987 0.12935336642795137
15.0 0.06632760047912598 0.7760610622829861 0.049634876251220705 0.05848863389756942
15.0 0.2519361972808838 0.7776084730360242 0.07808870315551755 0.056606241861979156
