19.0 0.6168898963928222 0.7509329562717013 0.12212947845458977 0.1320297580295139
22.0 0.84997802734375 0.5245521206325955 0.02422653198242186 0.06037200927734371
15.0 0.019437255859375 0.7802237955729167 0.03887451171875 0.05879720052083326
22.0 0.9464162826538085 0.4929206339518229 0.023217086791992192 0.05722771538628468
23.0 0.36935251235961913 0.7911755710177952 0.023627052307128915 0.05121697319878471
23.0 0.2119292736053467 0.7946353488498263 0.02931997299194336 0.0391845703125
16.0 0.3415698719024658 0.7712155151367188 0.07318639755249023 0.06333312988281248
15.0 0.18841266632080078 0.7799382188585069 0.05554935455322263 0.057330457899305576
22.0 0.7765203094482422 0.6762622409396701 0.015749816894531254 0.0625624593098959
23.0 0.3106324863433838 0.7987386067708333 0.029155178070068344 0.03152832031249997
23.0 0.21780688285827637 0.7948811848958334 0.04190485000610353 0.03909884982638889
