22.0 0.8163693237304688 0.5225482516818576 0.024729919433593706 0.06180223253038192
22.0 0.7028499221801758 0.7469799465603298 0.01959205627441396 0.06111456976996532
22.0 0.44037378311157227 0.7340407307942709 0.021626014709472674 0.05841986762152784
23.0 0.563812313079834 0.7840591769748264 0.032737846374511714 0.027012396918402737
23.0 0.18836814880371094 0.792630852593316 0.03279762268066405 0.03869215223524303
23.0 0.28540607452392575 0.7968824937608507 0.03081104278564456 0.03525560167100694
22.0 0.7510333633422852 0.6720045640733507 0.015257186889648389 0.06316562228732636
23.0 0.34471231460571294 0.7894517347547743 0.02429920196533203 0.0491575113932291
21.0 0.3949127197265625 0.7442173936631944 0.07298675537109378 0.06997734917534715
21.0 0.32853156089782715 0.7605170694986979 0.06737169265747067 0.06581454806857634
