13.0 0.28542491912841794 0.5307790289984808 0.02387935638427735 0.04486833360460063
13.0 0.3228119373321533 0.5310038587782118 0.0230975914001465 0.044329562717013826
22.0 0.6862822341918945 0.7804014417860243 0.022058486938476562 0.06274732801649308
22.0 0.7757404708862305 0.7826002671983507 0.023577804565429683 0.05613152398003474
15.0 0.26590475082397463 0.7761981201171875 0.04418552398681644 0.052762722439236076
19.0 0.8799583435058593 0.7294616360134549 0.12431884765625001 0.14036682128906242
17.0 0.011961544835940004 0.7681952243381076 0.02378592235967517 0.07274664984809032
15.0 0.5187685203552246 0.7779014078776042 0.0414337539672851 0.05465047200520834
18.0 0.8798788452148438 0.7305912950303819 0.1243513488769531 0.1388351779513889
15.0 0.3019443225860596 0.7759825642903646 0.04444601058959963 0.05686204698350694
