21.0 0.212135009765625 0.6834312269422743 0.08965744018554689 0.1369476318359375
22.0 0.8975904083251953 0.789915771484375 0.0205967712402344 0.05509901258680561
22.0 0.937142448425293 0.7748617553710937 0.01957283020019529 0.055057305230034825
22.0 0.8792454528808593 0.7787811957465278 0.01824081420898438 0.05349053276909721
22.0 0.7707603454589844 0.6724604966905382 0.017992858886718754 0.05864725748697919
6.0 0.43109792709350586 0.3198974863688151 0.04203952789306642 0.121082509358724
22.0 0.9841209793090819 0.7179263983832465 0.02015342712402346 0.05643914116753479
22.0 0.9610935974121093 0.7430354478624132 0.02120864868164063 0.05689351399739584
22.0 0.817625846862793 0.7554672580295139 0.01827949523925787 0.05525065104166671
22.0 0.8020666885375977 0.7319401380750867 0.016346511840820366 0.052917955186632004
21.0 0.28629050254821775 0.6985994466145833 0.09818323135375978 0.10057237413194453
22.0 0.9161989974975586 0.7945394558376736 0.020251693725585884 0.05412801106770826
22.0 0.7867880249023438 0.7073795233832465 0.014616546630859317 0.05680236816406248
