21.0 0.3138098621368408 0.6812325032552083 0.08932439804077147 0.1362786187065972
22.0 0.9270628356933595 0.7696775309244792 0.019038848876953174 0.055116644965277684
22.0 0.964751091003418 0.7760955471462674 0.018229598999023433 0.05070563422309027
22.0 0.8305199432373047 0.5865655348036024 0.02002609252929688 0.05594648573133676
22.0 0.9827613449096679 0.7803731960720486 0.019412460327148495 0.052459716796875
13.0 0.42227573394775386 0.47445726182725695 0.022667465209960935 0.04445997450086803
22.0 0.9441075897216797 0.7897774929470486 0.01843704223632814 0.05611599392361111
13.0 0.4396264266967773 0.46939061482747396 0.020949020385742145 0.040152418348524344
22.0 0.8488751983642577 0.6247918023003471 0.017924194335937504 0.053966471354166656
22.0 0.8763742065429687 0.6757378811306424 0.017149505615234317 0.05531433105468753
22.0 0.8630121612548828 0.6508166164822049 0.01610488891601558 0.05019280327690978
6.0 0.4629841613769531 0.18016112433539497 0.0704931640625 0.047814992268880196
8.0 0.48360654830932615 0.4533156161838108 0.044994087219238255 0.08019995795355905
21.0 0.38794332504272466 0.6949528333875867 0.10347705841064453 0.099486829969618
