22.0 0.9076141357421875 0.7942628648546006 0.021059570312500053 0.05864630805121529
22.0 0.8489890670776368 0.7778913709852431 0.019535293579101665 0.05232164171006948
22.0 0.7033471298217773 0.5532389831542969 0.021327896118164102 0.06143246120876733
21.0 0.20552558898925782 0.6815121120876737 0.08705177307128906 0.13688585069444448
22.0 0.7991711044311524 0.7388470119900173 0.016089706420898464 0.053120456271701366
22.0 0.8304047012329101 0.7901377360026042 0.01850288391113286 0.0563865831163195
22.0 0.8687509155273437 0.7783287896050347 0.01777786254882807 0.050752631293402795
22.0 0.8868532180786133 0.7868245442708334 0.01892173767089833 0.056462809244791634
22.0 0.7225420761108399 0.5872271728515626 0.017596054077148482 0.0605764431423611
22.0 0.7491660690307618 0.639527587890625 0.019450607299804745 0.061806776258680585
22.0 0.7366901016235352 0.6142297024197048 0.016406478881835995 0.05329338921440974
22.0 0.8139619064331055 0.7677532280815972 0.015769271850585964 0.0505715603298611
7.0 0.4467492866516113 0.3455341254340278 0.05558231353759763 0.10282667371961807
