22.0 0.44316331863403324 0.6166923014322916 0.020464744567871118 0.054939914279513835
22.0 0.9051371765136719 0.530844234890408 0.022873382568359357 0.05809505886501731
22.0 0.6236178398132324 0.8602154201931425 0.01964145660400385 0.05293640136718747
22.0 0.5402766418457031 0.7909894476996528 0.017708435058593652 0.05879720052083337
22.0 0.568758144378662 0.8433183797200521 0.016528511047363303 0.053544040256076286
22.0 0.5852665710449219 0.8684658474392362 0.019533691406250053 0.055208468967013924
22.0 0.46248790740966794 0.6375626966688368 0.01879119873046875 0.05591396755642353
22.0 0.6450943183898925 0.8696915351019965 0.018492546081542938 0.0539308675130209
22.0 0.4907639312744141 0.6906820339626736 0.020911102294921824 0.06026448567708331
22.0 0.6042851066589355 0.8668220011393228 0.02055278778076164 0.052520277235242996
22.0 0.9379299926757813 0.5535882568359375 0.01629013061523432 0.05511040581597215
22.0 0.4766997909545898 0.6641454399956597 0.017994384765625038 0.058433430989583424
22.0 0.5547488975524902 0.8186163330078124 0.015389976501464897 0.05542670355902779
21.0 0.08309109449386598 0.8159116617838542 0.0797784471511841 0.10087131076388889
22.0 0.8235138320922852 0.7204505072699653 0.017308120727539067 0.05434068467881947
21.0 0.03901869773864746 0.7767428249782986 0.07803739547729492 0.09046183268229169
