22.0 0.49704906463623044 0.5636119588216146 0.022939529418945337 0.05612908257378468
22.0 0.956208724975586 0.517631581624349 0.021545257568359344 0.05841901991102433
22.0 0.9116484069824219 0.6438048638237848 0.024245300292968786 0.05735568576388894
7.0 0.4639916038513183 0.36934588962131076 0.06668537139892577 0.0662022230360243
22.0 0.8729713821411133 0.7463110012478299 0.01757835388183593 0.05891486273871527
22.0 0.5199392890930177 0.5670590888129341 0.02029811859130859 0.05165669759114577
22.0 0.6156633758544922 0.7339965481228299 0.017015457153320312 0.05583218044704863
22.0 0.6011769485473633 0.7050673421223959 0.01759284973144526 0.05848741319444439
22.0 0.6773240280151367 0.8201485188802083 0.01908134460449218 0.05843153211805552
22.0 0.64361421585083 0.7891462877061632 0.017563285827636776 0.052555135091145844
22.0 0.5358685302734375 0.5794130452473958 0.02016632080078118 0.04956854926215282
22.0 0.6994794464111328 0.8077905951605903 0.01751495361328126 0.051037055121527786
22.0 0.6594998168945312 0.8126298014322917 0.018969116210937442 0.05306572808159726
22.0 0.9912498855590821 0.4819412061903212 0.01750022888183589 0.05567230224609371
21.0 0.04251340491697192 0.7148694186740452 0.08429489884525537 0.139464857313368
22.0 0.6297112846374512 0.7599007500542534 0.01660076141357414 0.047878214518229156
22.0 0.5511903762817383 0.602661370171441 0.019687194824218768 0.05531555175781255
