22.0 0.9450875473022461 0.6890132649739583 0.0220626068115235 0.06164211697048616
22.0 0.4944974899291992 0.6424662272135417 0.022970199584960882 0.0568433973524306
22.0 0.5182615661621094 0.6405260552300347 0.020482864379882892 0.05299614800347219
22.0 0.9029155349731446 0.8031495157877604 0.019022903442382888 0.056087443033854156
22.0 0.8689087677001953 0.8221079508463541 0.02419418334960932 0.06110392252604169
22.0 0.6189743995666503 0.7741862318250867 0.01898113250732425 0.05637444390190971
23.0 0.6791127014160157 0.7517772759331597 0.028502807617187487 0.04665025499131947
22.0 0.5384976387023925 0.6436519029405382 0.02205425262451166 0.05539204915364593
22.0 0.6974289703369141 0.9006620958116319 0.01850158691406245 0.05939059787326384
22.0 0.6782709884643555 0.8816285875108507 0.017240524291992188 0.055742526584201424
22.0 0.9890751647949219 0.5706886461046007 0.021849670410156286 0.059580959743923634
22.0 0.6618472671508788 0.8559090847439237 0.015093917846679683 0.05298095703124994
22.0 0.6341415596008301 0.8012192789713541 0.018175926208496174 0.056924235026041714
22.0 0.6477915954589843 0.8250774468315971 0.01647811889648443 0.053577473958333344
20.0 0.06385711431503296 0.7920999484592014 0.08476160526275635 0.13569322374131954
21.0 0.18457541465759275 0.8513554212782118 0.07961061477661133 0.08263217502170139
