22.0 0.6156350517272948 0.7339697943793403 0.02282581329345701 0.060301242404513955
22.0 0.24414563179016113 0.5441319274902344 0.021679515838623042 0.05851308186848958
22.0 0.26561286926269534 0.5541271464029948 0.02276096343994144 0.05587982177734374
22.0 0.6471033096313477 0.7361491224500868 0.02144706726074208 0.0565781656901041
22.0 0.7667234802246095 0.47465840657552083 0.025951690673828076 0.06011962890625
22.0 0.7287390518188477 0.5605526902940539 0.02569526672363276 0.06119890001085071
22.0 0.28355696678161624 0.5549465942382812 0.018486766815185518 0.052893405490451406
22.0 0.4294610595703125 0.7605123223198784 0.016558532714843754 0.05815680609809026
22.0 0.4007465553283691 0.7069913058810764 0.016020622253417993 0.05342610677083326
22.0 0.6843795394897461 0.6875983344184028 0.019857406616210938 0.059616292317708375
23.0 0.3014808654785156 0.5606553649902344 0.02735942840576172 0.04273549397786458
22.0 0.3855092811584473 0.6772362603081598 0.017097206115722685 0.05419148763020831
22.0 0.37027816772460936 0.6630062527126737 0.01851654052734375 0.055916883680555585
22.0 0.4470063018798828 0.790985819498698 0.020092697143554716 0.06086608886718747
23.0 0.505821704864502 0.820617913140191 0.03333271026611323 0.02991597493489584
22.0 0.41373386383056643 0.733517591688368 0.015387191772460895 0.05510457356770826
21.0 0.43184474945068363 0.4883894517686632 0.07619468688964842 0.07527052137586804
