22.0 0.29718971252441406 0.5219635687934028 0.022032737731933594 0.05862982855902782
23.0 0.39521060943603514 0.6285821872287326 0.029276733398437504 0.047579820421006946
22.0 0.7754641723632814 0.6406139797634549 0.02207290649414062 0.06400912814670134
22.0 0.6654006576538085 0.7451768663194445 0.021999893188476505 0.06474012586805555
22.0 0.7332364273071289 0.7210686238606772 0.021043472290039 0.06043450249565974
22.0 0.3214462566375732 0.5261413404676649 0.021907062530517607 0.05387685139973958
23.0 0.38046903610229493 0.544570549858941 0.029097404479980438 0.0466756863064236
22.0 0.813469467163086 0.5253007676866319 0.023301544189453183 0.05821302625868058
22.0 0.700527572631836 0.7154178873697916 0.020645446777343812 0.05681423611111114
22.0 0.4899286460876465 0.7096282619900174 0.018587532043457033 0.0586395263671875
21.0 0.03801369956694543 0.7334841918945312 0.07547166245058179 0.11293246799045142
22.0 0.33845497131347657 0.535078854031033 0.020980300903320315 0.05462331136067711
22.0 0.5075580024719238 0.7393333604600694 0.01889377593994146 0.06038045247395829
23.0 0.42011962890625 0.6236759101019965 0.02586051940917966 0.04568298339843757
23.0 0.5865960121154785 0.8033748711480035 0.0335021591186524 0.03143385145399302
16.0 0.04445333480834961 0.7421944173177084 0.05624444961547852 0.05182685004340282
