22.0 0.6908467102050782 0.5191808403862848 0.01788650512695311 0.05704678005642366
22.0 0.6491537094116211 0.525145263671875 0.019357986450195375 0.0564117431640625
23.0 0.7430889892578125 0.5382601928710937 0.02933822631835936 0.04899197048611115
23.0 0.7567646789550782 0.6237732611762152 0.028918151855468754 0.048504774305555554
22.0 0.6735668182373047 0.5158152940538194 0.01791992187499991 0.05516947428385416
23.0 0.7817239379882812 0.6190150960286458 0.026119232177734375 0.04766832139756938
22.0 0.9910248947143554 0.7872188652886285 0.017950210571289094 0.05796013726128468
22.0 0.8475740432739258 0.6920006306966145 0.018598251342773486 0.056698744032118054
22.0 0.8306529235839843 0.6570543416341146 0.016934814453124947 0.05563930935329853
23.0 0.9467198944091797 0.7987895033094619 0.029182739257812562 0.023701510959201477
21.0 0.3426094436645508 0.696802741156684 0.0968895721435547 0.09807379828559026
21.0 0.3966798973083496 0.7335350545247397 0.08182628631591798 0.1013730875651041
22.0 0.8115953063964844 0.6455641004774305 0.021263427734375062 0.056483425564236134
21.0 0.38767486572265625 0.7237461344401042 0.09938171386718753 0.11960611979166669
21.0 0.2746071147918701 0.679715576171875 0.08411325454711915 0.13990709092881948
