22.0 0.5974262809753418 0.5587549336751302 0.02144542694091789 0.05577111138237845
22.0 0.6332118225097656 0.5487466600206163 0.01722091674804682 0.05494917127821175
23.0 0.716442756652832 0.6562596978081597 0.02955680847167963 0.049232855902777706
20.0 0.23653301239013674 0.7174201795789931 0.08285961151123047 0.13453165690104174
21.0 0.3582114410400391 0.7729294840494791 0.07823547363281252 0.08853461371527782
22.0 0.9550548934936524 0.8203730604383681 0.018645248413085902 0.0523691134982639
23.0 0.7020346450805663 0.5712962171766494 0.028536911010742183 0.04919264051649297
22.0 0.6502681350708008 0.5522878689236111 0.019610824584960995 0.057952880859375
23.0 0.7411655807495117 0.6509874131944444 0.025259017944335938 0.04588270399305561
22.0 0.8090584564208985 0.7137158203125 0.017427215576171884 0.05640326605902779
22.0 0.9213817977905274 0.821229485405816 0.019154434204101567 0.051530829535590295
22.0 0.7941405487060547 0.6806122504340277 0.015650634765625004 0.055099962022569504
22.0 0.9912010955810546 0.7646387396918404 0.01759780883789064 0.060565321180555576
23.0 0.9073766708374024 0.8311072455512153 0.03185462951660156 0.02810302734374992
21.0 0.2862552261352539 0.7223982747395833 0.0657382583618164 0.084625244140625
22.0 0.7711061859130859 0.6786907958984375 0.019613800048828067 0.05616251627604174
7.0 0.5519204902648926 0.39238677978515624 0.07398181915283197 0.070650634765625
22.0 0.8322918701171875 0.797418721516927 0.017170715332031294 0.04881991916232642
