22.0 0.788956069946289 0.5182926093207465 0.025482025146484344 0.06350029839409727
23.0 0.8843244934082031 0.6271348063151041 0.028339080810546924 0.04166083441840274
23.0 0.8697015380859375 0.5420013936360677 0.02692413330078125 0.04972415500217009
20.0 0.40261695861816404 0.6894856770833333 0.08218635559082033 0.13501410590277774
22.0 0.9650651168823242 0.6761091783311632 0.02078193664550776 0.06141974555121521
23.0 0.9098201370239258 0.623992919921875 0.025663528442382844 0.04475884331597224
21.0 0.5257051277160645 0.7444958157009549 0.07654216766357425 0.08705912272135408
22.0 0.9407584381103515 0.6503249782986111 0.02065933227539063 0.0572854275173611
22.0 0.9479577255249023 0.6444494967990451 0.015285720825195304 0.05521816677517355
21.0 0.4714355087280273 0.696990966796875 0.09871200561523436 0.09651258680555563
23.0 0.8346297454833984 0.4911807759602864 0.02408813476562499 0.03016950819227432
23.0 0.8374720764160156 0.48812630547417535 0.020393066406249938 0.033664991590711846
