23.0 0.5835383415222168 0.6240173678927952 0.02862789154052736 0.04931783040364579
21.0 0.22503958702087404 0.7370239596896702 0.07624872207641603 0.08936516655815974
22.0 0.8027820205688476 0.7955696614583334 0.021261215209960938 0.06141398111979168
22.0 0.8454792785644532 0.756558837890625 0.018208618164062496 0.05609442816840271
22.0 0.459958438873291 0.5334399922688802 0.023639183044433576 0.059579026963975656
23.0 0.5709919929504395 0.5376808505588108 0.02554607391357422 0.04786027696397577
22.0 0.6433525085449219 0.6395736355251735 0.02122604370117198 0.06459499782986111
20.0 0.10257967710494995 0.684567633734809 0.08349649906158446 0.1345386420355903
23.0 0.6072229576110839 0.6179894341362847 0.02443927764892584 0.04496717664930561
22.0 0.6237235832214355 0.6400980970594619 0.017871589660644505 0.05537970648871526
23.0 0.5511002540588379 0.5456214735243056 0.02551029205322264 0.03046346028645841
23.0 0.4592408752441406 0.5510009256998698 0.02492408752441405 0.03626773410373263
7.0 0.45525243759155276 0.39225284152560763 0.0720180892944336 0.05555989583333332
22.0 0.7753428649902343 0.7668243747287327 0.01302627563476555 0.04232740614149311
22.0 0.8801100540161133 0.7177218627929687 0.01992851257324224 0.0595945231119791
