22.0 0.24612171173095704 0.6588630167643229 0.024130020141601594 0.057067125108506866
22.0 0.6672796249389649 0.8310917494032118 0.020872116088867188 0.05929083930121526
22.0 0.4229238319396973 0.6469125705295139 0.02095020294189448 0.059344618055555465
23.0 0.39926521301269535 0.7109408908420138 0.029784622192382815 0.049209391276041736
23.0 0.2750696754455566 0.6333839586046007 0.027869987487792958 0.05321784125434026
22.0 0.5741938400268555 0.8630865139431423 0.018748931884765563 0.05773783365885421
23.0 0.42319627761840817 0.7054536607530382 0.024762077331542953 0.04087897406684027
23.0 0.3869420433044434 0.625906982421875 0.02405071258544922 0.043048502604166705
22.0 0.6401293563842774 0.8813558959960938 0.022413253784179688 0.0680774603949652
23.0 0.5896714019775391 0.8850406222873264 0.033712081909179736 0.02784532335069445
23.0 0.3685243797302246 0.6337171427408854 0.028507499694824245 0.028894110785590232
23.0 0.5140299034118653 0.8461773342556423 0.018014640808105442 0.06334818522135421
22.0 0.438188419342041 0.7261456637912327 0.016467857360839833 0.056501125759548576
22.0 0.4539837074279785 0.7315021091037326 0.022621269226074214 0.06051493326822921
21.0 0.040041897464543584 0.815703125 0.07955268349498511 0.11171251085069445
