23.0 0.24395667076110839 0.6393193901909722 0.028473720550537096 0.04663357204861118
22.0 0.3924727439880371 0.8085522121853299 0.021531257629394562 0.05916442871093752
22.0 0.0599779224395752 0.6834009467230904 0.021261949539184567 0.05855699327256947
7.0 0.40120304107666016 0.433987799750434 0.08085105895996092 0.032480875651041685
23.0 0.11963390827178955 0.5603574456108941 0.02872282981872558 0.05722795274522574
22.0 0.24849721908569333 0.5516426255967882 0.017452239990234347 0.05125739203559032
22.0 0.5182113075256347 0.7630091688368056 0.017558784484863366 0.0616455078125
23.0 0.3590645599365234 0.7758418443467883 0.017033843994140596 0.06065802680121524
23.0 0.26831492424011233 0.6344372219509549 0.025364513397216792 0.04476053873697916
22.0 0.4239781188964844 0.7919938829210069 0.019589157104492216 0.05631849500868058
22.0 0.4863494300842285 0.8039998711480034 0.018741798400878917 0.06026645236545136
22.0 0.4547688293457031 0.8044825914171007 0.017463607788085977 0.05481194390190969
23.0 0.2121442890167236 0.561745351155599 0.026770381927490233 0.029000210232204893
22.0 0.26684906959533694 0.5729081895616319 0.020229396820068357 0.05388061523437504
23.0 0.23152860641479495 0.5551720343695746 0.023837661743164068 0.04253665500217019
23.0 0.43591751098632814 0.812852037217882 0.03167861938476563 0.03189697265625002
22.0 0.2978752613067627 0.6607083468967014 0.022181911468505844 0.06076334635416669
23.0 0.29790217399597163 0.6606499565972221 0.021792125701904308 0.06106011284722224
