23.0 0.3981099891662597 0.6257557847764756 0.02933094024658206 0.04811747233072916
23.0 0.6809308242797851 0.7416695488823786 0.025640182495117236 0.05804246690538195
22.0 0.18542521476745605 0.6955094061957465 0.022309093475341796 0.05844624837239576
22.0 0.6200421142578125 0.7996976386176216 0.019697570800781272 0.05578755696614579
23.0 0.2731317520141602 0.5460963100857205 0.02932830810546877 0.058755323621961786
23.0 0.5404421997070312 0.802275899251302 0.03364486694335933 0.024837171766493027
23.0 0.4225401306152344 0.6213700697157118 0.02741241455078125 0.045929429796007004
22.0 0.4007778930664062 0.5380935668945312 0.018723068237304685 0.053822360568576366
23.0 0.5717633628845216 0.7892172580295139 0.027580680847168026 0.0382424587673611
23.0 0.3699917030334473 0.5476080152723524 0.035580101013183596 0.03134396023220487
23.0 0.5932346153259277 0.8014291381835937 0.02193477630615237 0.05146911621093753
22.0 0.37883996963500977 0.5282824028862847 0.017769813537597656 0.045595431857638924
22.0 0.45189727783203126 0.6468529934353299 0.0225675964355469 0.06214565700954866
23.0 0.5127748870849609 0.7592868041992187 0.017210006713867188 0.06239657931857645
