23.0 0.5657844734191895 0.5433752780490451 0.028452796936035085 0.057922566731770764
22.0 0.4535104751586914 0.6999889458550348 0.021903381347656237 0.05958102756076389
23.0 0.973508644104004 0.7394038560655383 0.02625328063964838 0.05829054090711805
20.0 0.20965730667114257 0.6836493259006077 0.08628429412841798 0.13804355197482643
23.0 0.6902386856079101 0.623440687391493 0.02893013000488276 0.049704182942708286
22.0 0.6471823120117188 0.5328058369954427 0.02230178833007812 0.05569203694661451
23.0 0.7142744064331055 0.6181835598415799 0.02562004089355474 0.04798428005642352
23.0 0.864177131652832 0.7875499471028646 0.027002639770507875 0.03951829698350695
23.0 0.8333502960205078 0.8004947238498263 0.03440231323242182 0.024758978949652843
22.0 0.6685420608520507 0.5262510511610243 0.017337265014648495 0.04925706651475692
22.0 0.7441590881347656 0.645262451171875 0.02311157226562499 0.06125488281250002
21.0 0.33283499717712406 0.7411011081271701 0.07421609878540042 0.08212883843315977
22.0 0.8888977432250976 0.7892508273654514 0.021256179809570286 0.059042561848958286
23.0 0.6657763671875 0.5409779696994358 0.038892974853515616 0.04070729573567711
23.0 0.6771163940429688 0.5384472486707899 0.024471588134765687 0.0437579684787327
21.0 0.2828852367401123 0.6968926323784722 0.10477022171020509 0.09708726671006951
23.0 0.6716156005859375 0.538951924641927 0.03615295410156261 0.04515631781684026
23.0 0.8858813095092773 0.7999800279405382 0.025953292846679688 0.047061971028645844
21.0 0.20986611366271973 0.6839233737521702 0.08678865432739258 0.138269788953993
