23.0 0.662772445678711 0.5433594258626302 0.027514648437499956 0.05596438937717019
22.0 0.5222254753112793 0.7388060845269098 0.021214790344238343 0.061253662109374996
22.0 0.7191329574584961 0.5215584818522135 0.021771011352539005 0.05688839382595484
23.0 0.7868068313598633 0.6221039157443576 0.028308029174804683 0.046318969726562464
22.0 0.961364860534668 0.7749651760525174 0.0154708099365235 0.05058627658420134
20.0 0.3052361965179443 0.6827016872829861 0.08381357192993161 0.13649590386284727
22.0 0.7386637878417969 0.5316573927137587 0.021798858642578134 0.055467631022135366
23.0 0.8114384078979493 0.6180627102322049 0.02599388122558588 0.047942640516492996
21.0 0.4278166007995605 0.7380218166775174 0.07872623443603516 0.09195793999565971
23.0 0.9301861190795899 0.799039069281684 0.03197013854980468 0.02201436360677078
23.0 0.7549364852905274 0.5452774217393663 0.02664237976074224 0.03067765977647574
23.0 0.9810065460205077 0.7968464152018229 0.024419403076171853 0.04906134711371524
23.0 0.7743973159790039 0.5383481852213542 0.02491050720214838 0.04584404839409717
21.0 0.3766953659057617 0.6948474799262153 0.10533836364746091 0.09352864583333331
22.0 0.8407789993286133 0.6447135077582465 0.021329879760742188 0.05923563639322915
23.0 0.902250862121582 0.7576027425130208 0.01550346374511724 0.056859537760416634
