23.0 0.5567046546936035 0.6288058471679687 0.0286625289916993 0.04813130696614587
23.0 0.43205167770385744 0.5509358893500433 0.02759273529052736 0.053434075249566004
22.0 0.46503332138061526 0.523473646375868 0.02245159149169923 0.0539712863498264
22.0 0.4869227409362793 0.5275195821126302 0.021083564758300755 0.05506269666883673
23.0 0.29696480751037596 0.7571377224392362 0.031160831451416016 0.04410807291666663
23.0 0.5823766136169434 0.6243065728081597 0.027651252746581978 0.045991482204861045
23.0 0.5440402603149415 0.5439099460177952 0.025865097045898344 0.04532463921440966
23.0 0.7523724746704101 0.8034051513671875 0.021490097045898438 0.05313842773437494
20.0 0.0758851432800293 0.6886249118381076 0.08267324447631835 0.13632032606336797
23.0 0.5249994087219239 0.5521252950032551 0.025979881286621098 0.026274041069878407
23.0 0.7335869979858398 0.7912818060980903 0.03127891540527339 0.03520155164930561
21.0 0.1974497365951538 0.7437381998697916 0.07920327186584472 0.09238905164930555
22.0 0.6104837799072266 0.6504126654730903 0.02225631713867182 0.06282592773437501
23.0 0.8394052124023438 0.7444201321072048 0.02338409423828125 0.05481099446614579
23.0 0.6712509155273437 0.7647428724500869 0.017968444824218777 0.06237650553385421
22.0 0.7065960311889649 0.7971178181966145 0.015582046508789027 0.048306410047743054
21.0 0.14933043479919433 0.7017409261067709 0.10132776260375975 0.09306694878472221
23.0 0.6981459426879884 0.7990785725911458 0.028674545288085995 0.04035346137152784
