22.0 0.7151314163208008 0.561749759250217 0.021659164428710964 0.05661590576171871
23.0 0.8562763595581055 0.6308370293511285 0.030787582397460933 0.0473066541883681
23.0 0.5967262649536133 0.7599507988823785 0.03037261962890625 0.04365661621093753
22.0 0.9102310180664063 0.6530666097005209 0.021086425781249973 0.055814480251736076
21.0 0.4972894477844238 0.7505917019314237 0.0797356033325195 0.08457628038194442
22.0 0.7416495132446289 0.5332180277506511 0.02254539489746099 0.05879235161675345
23.0 0.9913136672973633 0.8074197726779514 0.01737266540527349 0.025626491970486054
23.0 0.8822272109985352 0.6278629557291666 0.02178901672363276 0.044593912760416576
22.0 0.9692434310913086 0.7551036919487848 0.02034812927246099 0.07448377821180563
21.0 0.44883813858032223 0.7018962944878472 0.10250125885009764 0.09175523546006947
23.0 0.8432501220703125 0.5471295505099827 0.026715087890625044 0.04528951009114579
20.0 0.3769027328491211 0.6901907348632812 0.08551086425781246 0.13285949707031242
