23.0 0.9189884948730469 0.6288383314344619 0.02686996459960933 0.045440199110242996
23.0 0.9732871627807618 0.6521414523654514 0.022200393676757746 0.060887451171874996
23.0 0.6588997268676757 0.7565045844184027 0.030772628784179745 0.04329332139756947
23.0 0.9439109802246094 0.6237476264105903 0.025693359374999947 0.043676079644097254
22.0 0.7492284774780273 0.6023692830403646 0.019221420288086044 0.05666849772135418
23.0 0.888615608215332 0.5518531799316406 0.03202079772949218 0.031062045627170187
23.0 0.7930972290039062 0.5506980387369792 0.02741241455078125 0.05570570203993053
21.0 0.5102160835266114 0.6997845458984375 0.10752452850341798 0.09752983940972226
21.0 0.5598102760314941 0.7471156141493056 0.07875278472900393 0.08476087782118047
23.0 0.9066410064697266 0.5413677808973525 0.023603057861328214 0.047164408365885424
16.0 0.5671058464050293 0.7402049424913194 0.06261470794677737 0.06185329861111111
22.0 0.7753621292114258 0.5576875305175781 0.013531265258789116 0.04028533935546874
