23.0 0.5766782951354981 0.6238845825195312 0.029002571105957053 0.048997056749131906
23.0 0.45253686904907225 0.5441936408148871 0.026647834777832058 0.0551800198025173
22.0 0.4216148376464844 0.5877567376030816 0.01797851562499997 0.05849626329210067
22.0 0.6556720733642578 0.6674504258897569 0.020107574462890687 0.057408854166666745
23.0 0.7486452102661133 0.7860148451063369 0.02548164367675776 0.04175584581163194
22.0 0.39410432815551755 0.6772924465603298 0.018111915588378935 0.06085469563802082
23.0 0.31700934410095216 0.7512845187717014 0.030754032135009768 0.04252427842881945
23.0 0.8601270294189454 0.7389222547743055 0.026654357910156246 0.05898369683159721
23.0 0.601723403930664 0.6190048556857639 0.026336669921875 0.04754516601562497
23.0 0.5449113082885741 0.5450014919704861 0.027638320922851567 0.03137485080295144
23.0 0.5654666709899903 0.5358646986219617 0.022677116394043018 0.042511461046007004
23.0 0.6914770889282227 0.7579803466796875 0.018515396118164107 0.059297146267361045
21.0 0.16280686378479003 0.6909665256076389 0.09766721725463867 0.0901528591579861
