20.0 0.9128902816772462 0.7498578219943577 0.081524429321289 0.15265862358940974
23.0 0.6527457046508789 0.9378369140625 0.026588821411132835 0.05431084526909724
23.0 0.3701786041259766 0.820861070421007 0.028520050048828127 0.04792032877604169
22.0 0.21485821723937987 0.7858719550238715 0.01906892776489258 0.061442532009548634
22.0 0.18743825912475587 0.8744322713216146 0.017373428344726577 0.05818542480468747
23.0 0.11016487598419189 0.9489380560980902 0.030489206314086914 0.042877197265625
6.0 0.41508136749267577 0.1523623826768663 0.05793846130371094 0.09221059163411457
23.0 0.24557531356811524 0.7419799126519098 0.027310714721679674 0.055397677951388835
23.0 0.3948998069763183 0.8159939914279514 0.02695034027099613 0.044990912543402706
23.0 0.5430365371704101 0.9819887966579861 0.02524307250976565 0.03479926215277773
23.0 0.3391864013671875 0.743011474609375 0.029299316406249998 0.032394205729166625
22.0 0.4318180274963379 0.835124782986111 0.017884178161621078 0.06032958984375003
23.0 0.35585968017578123 0.7354327053493923 0.027986907958984397 0.04754496256510421
21.0 0.024857306904159486 0.9362158203125 0.04950609122402966 0.06614949544270832
22.0 0.42552572250366216 0.8413645426432292 0.02129978179931641 0.06305365668402774
23.0 0.3492870712280274 0.7355089653862847 0.04096656799316406 0.04714721679687495
23.0 0.4850100708007813 0.9556131320529514 0.017856750488281226 0.06218438042534724
