22.0 0.40959527969360354 0.7317588297526042 0.020702781677246096 0.05568033854166665
23.0 0.6167522048950196 0.6763157823350694 0.028500289916992272 0.04758341471354166
23.0 0.9003991317749024 0.7899609375000001 0.028014450073242214 0.060884060329861156
21.0 0.2551314449310303 0.7814706081814236 0.08095182418823244 0.11237928602430547
23.0 0.4928521537780761 0.5953946770562066 0.02783611297607419 0.05740454779730897
22.0 0.43352087020874025 0.7191114637586806 0.02057361602783203 0.05733262803819439
23.0 0.35659448623657225 0.8038093736436632 0.030420875549316384 0.04219760470920142
23.0 0.5847940254211426 0.5970522054036458 0.02746448516845701 0.029380425347222183
23.0 0.6036041831970215 0.590294664171007 0.025797996520996014 0.04689439561631947
21.0 0.1894821071624756 0.741026373969184 0.07871381759643556 0.08385043674045134
23.0 0.7616366958618164 0.851258782280816 0.027053146362304714 0.021764390733507
23.0 0.7911699676513672 0.8367227172851562 0.023967742919921875 0.04135640462239576
23.0 0.6424293327331543 0.6733698527018229 0.02743610382080075 0.052190416124132
23.0 0.8111972808837891 0.8476645914713541 0.02756286621093751 0.057431911892361076
22.0 0.6712361907958984 0.6969940863715278 0.022310791015624942 0.05906751844618052
23.0 0.6466590118408203 0.6817796495225694 0.030910186767578063 0.06813557942708337
