20.0 0.8452238464355468 0.7242494371202257 0.06744277954101563 0.16313876681857642
23.0 0.7187724685668946 0.936582743326823 0.025433883666992174 0.05158318413628471
22.0 0.19725967407226563 0.8950001356336805 0.019296646118164062 0.05578179253472226
23.0 0.46041862487792967 0.8159022352430556 0.027699584960937496 0.04564317491319436
23.0 0.43602476119995115 0.8204329766167535 0.029451560974121105 0.048228149414062504
23.0 0.31175661087036133 0.7402808634440105 0.02873569488525396 0.05853752983940974
22.0 0.45292621612548833 0.7474806043836806 0.020148696899414065 0.05482896592881947
23.0 0.6074732971191407 0.9815441216362847 0.02337959289550784 0.033233642578125
23.0 0.17593505859375 0.9482805718315972 0.030423583984375002 0.04263617621527782
22.0 0.21869492530822754 0.8981058078342014 0.019553928375244167 0.05717054578993053
21.0 0.07525168299674988 0.9268706597222223 0.07957866907119751 0.10866631401909721
23.0 0.4230809783935547 0.7349349636501736 0.024649887084960964 0.04212727864583332
23.0 0.40433874130249026 0.7434462144639757 0.02701091766357422 0.028496161566840317
21.0 0.025860879506217314 0.8844483100043403 0.05171071512391791 0.07911607530381948
23.0 0.5506962394714355 0.9560328843858507 0.01860729217529289 0.06199768066406253
23.0 0.4901461410522461 0.8420662095811632 0.02136924743652341 0.06132941351996535
23.0 0.6234208488464356 0.9860167778862847 0.020344047546386745 0.02572319878472218
6.0 0.4378414726257324 0.37123870849609375 0.025283927917480464 0.11607916937934026
6.0 0.44447830200195315 0.3721614244249132 0.03973831176757808 0.11499932183159722
