23.0 0.7589656829833984 0.6579720391167534 0.03010772705078124 0.04712110731336805
23.0 0.6347080421447754 0.5775116136338976 0.028394279479980522 0.057784525553385424
22.0 0.7791735458374023 0.5746225145128039 0.019081954956054692 0.05932159423828132
23.0 0.7828535461425781 0.6522502644856771 0.0251309204101563 0.04358052571614579
23.0 0.727038917541504 0.578487040201823 0.02743034362792962 0.030198635525173656
23.0 0.9021156692504883 0.8339725070529513 0.03253669738769527 0.024370930989583317
21.0 0.3319438934326172 0.7248862033420138 0.08859001159667973 0.08441446940104169
23.0 0.7459257507324218 0.5716430494520399 0.02601333618164059 0.044632602267795196
15.0 0.2734554862976074 0.6985291883680556 0.05173137664794922 0.06491794162326392
22.0 0.49355363845825195 0.7736021931966146 0.02009616851806645 0.05544562445746526
23.0 0.9317245101928711 0.820023668077257 0.024568557739257812 0.038280436197916656
22.0 0.813258285522461 0.6771149359809028 0.019869689941406254 0.05895941840277774
23.0 0.5240842437744141 0.7284698486328125 0.022777557373046875 0.053390299479166625
23.0 0.9550399398803711 0.8285382080078125 0.02119392395019537 0.042942843967013866
23.0 0.7363489532470704 0.5723708089192708 0.045315093994140576 0.04528361002604164
21.0 0.39847700119018553 0.7769014824761284 0.07681453704833985 0.08137485080295137
23.0 0.8746148681640624 0.7938016764322917 0.014562072753906308 0.05512098524305553
23.0 0.4986490058898926 0.7854495578342013 0.02832004547119138 0.041413845486111156
