7.0 0.570058422088623 0.5156173027886285 0.07320758819580075 0.058997260199652735
23.0 0.6791835403442383 0.5706080966525607 0.02922691345214845 0.05709353976779519
23.0 0.8031142425537109 0.6487941487630209 0.028415679931640625 0.04650295681423611
22.0 0.4966285514831543 0.744828592936198 0.01849117279052731 0.05697435167100695
13.0 0.827011833190918 0.5780077107747397 0.02169197082519525 0.04364413791232635
23.0 0.5434060096740723 0.7781858656141494 0.030197029113769425 0.04272535536024302
23.0 0.8282045745849609 0.6450389946831597 0.026686248779296817 0.043950873480902874
23.0 0.773468017578125 0.5713895670572917 0.03246963500976552 0.030230577256944446
23.0 0.5547489547729492 0.7340102132161459 0.01901748657226554 0.060837266710069504
23.0 0.9787148666381835 0.8147510443793403 0.027082138061523486 0.04063829210069447
23.0 0.9508152008056641 0.822384033203125 0.040104675292968794 0.031475965711805554
21.0 0.44031280517578125 0.7721533203125 0.07336997985839844 0.08313693576388881
23.0 0.9170918273925781 0.7853085666232639 0.017774047851562447 0.05597941080729174
22.0 0.7921801376342773 0.552165781656901 0.02159858703613282 0.05892798529730903
23.0 0.9937589645385743 0.8170009697808159 0.012482070922851585 0.040896470811631946
