23.0 0.6199515151977539 0.751678195529514 0.030748901367187553 0.0413808865017361
23.0 0.8490951919555664 0.5455061848958334 0.03168601989746089 0.033258802625868
23.0 0.8793502426147461 0.6241728719075521 0.027714614868164067 0.043521931966145844
7.0 0.5446161079406738 0.444471927218967 0.07458965301513665 0.059444478352864594
23.0 0.9048608398437501 0.6201667955186632 0.02662551879882813 0.0426709662543403
22.0 0.6308088493347168 0.7062120903862847 0.019813423156738286 0.06134467230902785
23.0 0.7544807052612306 0.5424210781521268 0.02595176696777346 0.05870262993706599
23.0 0.8678076553344727 0.535299818250868 0.023032302856445308 0.03951531304253475
22.0 0.934750747680664 0.6466296725802951 0.02247360229492179 0.05959208170572916
16.0 0.4084777069091797 0.6730903795030383 0.07826370239257813 0.07427781846788195
20.0 0.9926406860351562 0.7822632514105903 0.014718627929687478 0.10563395182291657
21.0 0.5159640121459961 0.7441067165798612 0.07452392578125 0.08724053276909716
23.0 0.9933259201049804 0.7532074991861979 0.013348159790039116 0.056318020290798576
