20.0 0.9617450332641602 0.8428721110026042 0.07650993347167967 0.1475120713975695
23.0 0.7474340438842774 0.7019411214192708 0.029935836791992188 0.05692979600694448
22.0 0.47592079162597656 0.8537676323784722 0.021818161010742188 0.06242146809895832
23.0 0.8716124725341796 0.7803146023220486 0.024118041992187478 0.04232381184895839
23.0 0.6101519584655761 0.9069012790256077 0.030009117126464813 0.045151977539062416
23.0 0.8957471084594726 0.7769356282552083 0.026325759887695255 0.042549777560763946
13.0 0.927247428894043 0.3827586195203993 0.02375846862792974 0.04284267849392365
22.0 0.6211645889282227 0.8634129842122396 0.01932579040527349 0.06035841200086811
23.0 0.6375779914855957 0.8631707763671874 0.02266933441162111 0.02176920572916663
23.0 0.8391757583618165 0.7006562296549479 0.025194778442382826 0.024448445638020844
