20.0 0.9088675308227538 0.8115536838107639 0.09906303405761718 0.07748847113715285
23.0 0.5723710060119629 0.5593890380859375 0.02864414215087896 0.05728732638888889
22.0 0.2687487888336182 0.7360512627495659 0.023067722320556594 0.0620664469401041
23.0 0.9797779846191406 0.7556067233615451 0.02541458129882812 0.055263468424479156
13.0 0.7521249008178711 0.14540462917751734 0.02397865295410151 0.04423777262369791
23.0 0.665816764831543 0.5611700439453124 0.031898880004882835 0.03338378906250006
23.0 0.8395275497436523 0.8137948269314237 0.03358268737792969 0.027805853949652737
23.0 0.6966365051269532 0.6378580729166666 0.02786514282226571 0.04763142903645834
23.0 0.43707674026489257 0.766259053548177 0.03149494171142575 0.04588779025607648
16.0 0.22478607177734375 0.689270256890191 0.08185581207275389 0.079167955186632
20.0 0.7530812072753906 0.6803538004557292 0.04794174194335943 0.10107666015624994
23.0 0.683566780090332 0.5534308369954427 0.024196090698242134 0.04871476915147577
22.0 0.44742536544799805 0.7238431464301216 0.02240695953369143 0.059142591688367996
