20.0 0.8971283721923828 0.5343792385525173 0.09162353515624999 0.082731187608507
23.0 0.9084160614013672 0.6251764255099826 0.025799102783203076 0.0438857014973959
23.0 0.6478961944580077 0.7529732598198785 0.030018920898437496 0.04244391547309023
16.0 0.5441223526000977 0.7469590250651041 0.07380119323730461 0.08426337348090274
22.0 0.4591337585449219 0.707000969780816 0.02319786071777341 0.05959208170572916
13.0 0.9723852539062501 0.05561770968967014 0.023527526855468772 0.04421022203233507
23.0 0.7830415344238282 0.5452999538845487 0.026228485107421817 0.0518503146701389
22.0 0.6592189025878906 0.7095504082573785 0.020876464843750053 0.05962287055121518
23.0 0.6697928237915038 0.7094812689887153 0.02356666564941412 0.022758110894097183
23.0 0.9380986785888672 0.6266737874348958 0.03228881835937503 0.055299886067708415
23.0 0.529017162322998 0.706722649468316 0.01804592132568361 0.04615566677517369
23.0 0.9630747985839844 0.647854241265191 0.020666809082031223 0.06067403157552076
