20.0 0.648833122253418 0.5345939805772569 0.084667739868164 0.09542738172743048
23.0 0.5842167282104492 0.5476815456814237 0.02785232543945315 0.05503580729166668
23.0 0.44922704696655275 0.752548828125 0.03097057342529297 0.04523478190104169
20.0 0.8474337768554687 0.7754775661892361 0.08440917968749995 0.14103135850694448
23.0 0.9031211853027343 0.8005520968967014 0.02234832763671879 0.05136881510416669
22.0 0.7623571395874023 0.6477293226453993 0.018889541625976558 0.05743984646267364
23.0 0.2527531051635742 0.712249043782552 0.03231006622314453 0.03194776746961803
23.0 0.4688776206970215 0.7090776231553819 0.025414924621582013 0.025755343967013844
22.0 0.45912588119506836 0.7111927625868055 0.020557212829589888 0.05726359049479168
20.0 0.6852068328857421 0.5369671969943577 0.04148239135742193 0.09692525227864579
