20.0 0.4402888107299805 0.5204967922634549 0.09512100219726566 0.1015811496310764
20.0 0.6559086990356445 0.7094221327039931 0.08344291687011718 0.1578969997829861
20.0 0.972854461669922 0.4696448092990452 0.05402404785156245 0.12100145128038192
23.0 0.5526177978515625 0.6226121690538194 0.028347015380859375 0.045940890842013804
23.0 0.5773941421508789 0.6185988023546007 0.026645126342773384 0.044223158094618076
23.0 0.09667592525482177 0.7095181613498265 0.035402708053588874 0.03489759657118052
23.0 0.6976176452636719 0.7991185167100694 0.02826477050781251 0.024344346788194415
23.0 0.29458298683166506 0.7495323011610243 0.03229356765747071 0.04699266221788201
20.0 0.7882633209228516 0.7616334703233507 0.09621810913085938 0.1256709120008681
22.0 0.6066673851013183 0.6455098470052083 0.01861598968505862 0.05726793077256942
23.0 0.539937686920166 0.5385855950249566 0.026014595031738197 0.047141689724392366
23.0 0.730810089111328 0.7868477715386284 0.03767333984374999 0.03957621256510413
23.0 0.5212251281738282 0.545182122124566 0.02679946899414065 0.031365763346354214
23.0 0.5305331802368164 0.5388429429796007 0.04541587829589844 0.04747422960069447
