21.0 0.7061296081542969 0.7500714450412327 0.09259094238281251 0.1290975613064237
20.0 0.8723964309692382 0.7303864881727431 0.07389122009277338 0.16184705946180555
23.0 0.3882638931274414 0.8803691609700521 0.0348052978515625 0.033796047634548576
23.0 0.5833896827697754 0.9228346082899306 0.02881336212158203 0.04199801974826389
23.0 0.8141024398803711 0.7173853895399306 0.029845199584960902 0.03087022569444442
22.0 0.5950717926025391 0.875117933485243 0.01832687377929698 0.056235215928819415
23.0 0.6069728088378906 0.8771636962890625 0.022121429443359375 0.02064005533854163
21.0 0.4811437797546387 0.9269464789496528 0.07527194976806639 0.08321709526909715
22.0 0.8983544540405273 0.8145496283637153 0.020171127319336013 0.05991251627604166
22.0 0.9584818649291993 0.9278738742404513 0.013982925415039094 0.05729560004340273
