20.0 0.453230094909668 0.5821414354112413 0.09462532043457028 0.07400828043619789
20.0 0.749199447631836 0.7986235894097222 0.08856307983398437 0.14019219292534713
21.0 0.3543662357330322 0.627728034125434 0.09003271102905275 0.12527296278211808
23.0 0.49275693893432615 0.6730959065755209 0.028387260437011674 0.047332763671875
23.0 0.5171897697448731 0.6676742214626736 0.026189231872558616 0.04363362630208334
23.0 0.2327895450592041 0.8002336290147569 0.031624088287353525 0.0437631564670139
7.0 0.4342788887023926 0.2642571597629123 0.0622053909301758 0.08175369262695314
16.0 0.6281066513061524 0.811616448296441 0.08677833557128911 0.13091966417100687
23.0 0.0369440746307373 0.7579161580403646 0.03516317367553711 0.036512112087673576
22.0 0.5470751953124999 0.6947832912868923 0.02070823669433597 0.06346591525607648
22.0 0.24344428062438964 0.7571064927842882 0.022419719696044893 0.060252346462673634
23.0 0.2559341335296631 0.7552778455946181 0.02041276931762695 0.024581163194444478
