21.0 0.11482741117477416 0.8741244506835937 0.08984995365142821 0.12330288357204855
16.0 0.6562858772277833 0.8615325249565973 0.05363094329833984 0.12949042426215274
23.0 0.25393429756164554 0.9187495930989583 0.028689594268798857 0.045862630208333366
16.0 0.8008518218994141 0.8916968451605902 0.06786315917968744 0.13423760308159716
13.0 0.20588193893432616 0.729520738389757 0.023482589721679686 0.04306952582465273
23.0 0.27843250274658204 0.9136224026150174 0.026674118041992212 0.04361782497829858
22.0 0.9822089385986328 0.9518844265407986 0.01693618774414063 0.052674831814236156
16.0 0.6982997131347657 0.7536211819118923 0.06414932250976568 0.10656717936197924
22.0 0.9694088363647461 0.9472444322374132 0.009212722778320304 0.05019632975260413
22.0 0.30570977210998534 0.940029534233941 0.018325061798095676 0.05796691894531247
8.0 0.8446253967285157 0.040402244991726344 0.047036895751953134 0.05437541961669922
13.0 0.8327770233154297 0.04855394999186198 0.021311340332031303 0.033373938666449644
22.0 0.9937347412109375 0.9541446601019965 0.012530517578124956 0.04170104980468747
