23.0 0.4471396827697754 0.6873579237196181 0.029236793518066406 0.04467217339409724
21.0 0.30842597007751466 0.6433572726779514 0.08988428115844727 0.12629923502604168
16.0 0.8445388412475586 0.6509074910481771 0.05228233337402344 0.12752610948350684
16.0 0.9776702499389649 0.6517865329318576 0.04465950012207032 0.1364288330078125
20.0 0.5867144775390625 0.8556968858506945 0.09202819824218755 0.10973347981770831
23.0 0.47038984298706055 0.6817486572265625 0.025518150329589817 0.03968641493055558
16.0 0.8014033508300781 0.7496883816189236 0.05973052978515625 0.12956746419270826
23.0 0.1873619842529297 0.8159070841471354 0.030622558593750016 0.042460598415798634
21.0 0.3939850044250488 0.5939577907986111 0.09748378753662107 0.08337836371527785
22.0 0.198214635848999 0.7721002875434029 0.02071836471557617 0.06331325954861111
20.0 0.3936510848999023 0.5942007276746961 0.0969798278808594 0.08233178032769095
16.0 0.5163881683349609 0.7206098768446181 0.08558235168457035 0.14678493923611113
23.0 0.6406687355041505 0.8615420871310764 0.026119804382324197 0.04999091254340282
