21.0 0.43145893096923826 0.6833871799045139 0.08985015869140628 0.1263339572482639
21.0 0.516228084564209 0.6350826348198785 0.09727512359619145 0.0827356635199652
16.0 0.918731689453125 0.8111022271050348 0.05860763549804693 0.11505995008680558
23.0 0.3094577693939209 0.85580563015408 0.031226291656494154 0.044887491861979156
16.0 0.8808365631103516 0.8040718248155382 0.06723419189453128 0.06443325466579863
23.0 0.11309784889221192 0.8143172539605035 0.034798469543457014 0.03342834472656242
23.0 0.5709622955322265 0.7274993218315973 0.030774536132812447 0.04372246636284716
23.0 0.3316213798522949 0.8113904825846354 0.022246208190917993 0.022386813693576313
22.0 0.3200640010833741 0.8098902384440104 0.020383777618408205 0.05757263183593753
23.0 0.8528412246704101 0.8434165785047743 0.024235000610351554 0.05528693305121524
