21.0 0.5000035095214844 0.6088912624782986 0.096294174194336 0.08078043619791675
16.0 0.9467009735107421 0.6752694363064236 0.0530729675292968 0.1260483127170139
21.0 0.4143912696838379 0.6561044311523437 0.09008350372314455 0.12389438205295145
16.0 0.8964484024047852 0.7929569837782118 0.07139122009277343 0.08628167046440971
20.0 0.35578306198120113 0.7671300252278646 0.05303173065185546 0.16896030002170137
23.0 0.09678359985351562 0.787839118109809 0.03613151550292969 0.03556077745225694
23.0 0.8360394287109375 0.8176860555013021 0.025451812744140545 0.05373297797309029
6.0 0.5662090110778808 0.485340593126085 0.050103645324707125 0.09761484781901036
21.0 0.6101946258544921 0.7104722086588542 0.08104293823242192 0.06806776258680558
23.0 0.29345919609069826 0.8291061401367188 0.029566783905029315 0.04471645779079869
20.0 0.8954970169067383 0.7891270277235243 0.06821632385253906 0.09594896104600692
