21.0 0.6065032196044922 0.6191078016493056 0.08624893188476568 0.12753540039062505
20.0 0.380904598236084 0.7784462483723958 0.07147487640380862 0.16287082248263896
23.0 0.28941021919250487 0.7504584757486978 0.03335775375366212 0.03409539116753468
20.0 0.9456165695190429 0.8190360853407118 0.0909128570556641 0.0857863362630209
23.0 0.48605119705200195 0.7907348971896702 0.03029857635498051 0.04294399685329864
20.0 0.6936976242065429 0.5898742167154948 0.09691703796386719 0.11432139078776049
16.0 0.7609740829467773 0.5737433030870225 0.04959159851074213 0.12406097412109374
21.0 0.8048104858398437 0.6984676784939237 0.08031707763671869 0.12703016493055552
22.0 0.4966427993774414 0.7450774468315973 0.020627822875976587 0.05807834201388895
16.0 0.807995834350586 0.6994622802734376 0.0868812561035156 0.12409708658854168
