21.0 0.30833839416503905 0.665466071234809 0.09642852783203126 0.07714484320746529
16.0 0.9098197555541991 0.7024979315863715 0.059757766723632755 0.10732794867621531
22.0 0.564170970916748 0.707155999077691 0.02075901031494143 0.061113620334201424
20.0 0.7601789093017579 0.5554596286349827 0.09588134765625 0.07950554741753468
13.0 0.3122196483612061 0.49045471191406254 0.023736209869384794 0.04605136447482644
13.0 0.32724502563476565 0.4900577969021267 0.021091308593750024 0.04517764621310766
21.0 0.6711051177978515 0.5762130398220486 0.09282852172851563 0.12422932942708331
20.0 0.6703720664978028 0.5791147698296442 0.09403415679931648 0.13192291259765632
21.0 0.7604612350463867 0.5527179124620225 0.09708839416503912 0.0833551364474826
16.0 0.629472713470459 0.5846995883517796 0.02719058990478518 0.07136606852213545
16.0 0.6314125061035156 0.6058554924858941 0.02922821044921875 0.11635325113932282
