21.0 0.1390277910232544 0.6721278550889758 0.09779505729675295 0.07739644368489584
21.0 0.5049375343322754 0.5838591342502171 0.08800228118896486 0.12630544026692714
21.0 0.5922897148132324 0.5583891805013022 0.09718448638916011 0.08310201009114582
13.0 0.15710731506347658 0.388228030734592 0.02373340606689453 0.04336524115668405
22.0 0.9807630157470704 0.7226780531141492 0.02501571655273438 0.06352545844184021
13.0 0.2005116844177246 0.3848033989800347 0.026597023010253906 0.044835408528645815
16.0 0.67350830078125 0.6073353576660157 0.04832214355468745 0.13558224148220488
13.0 0.1767983818054199 0.3870937262641059 0.020797119140625014 0.03737518310546878
22.0 0.995185661315918 0.6970500691731771 0.009628677368164085 0.05193488226996534
16.0 0.7207285690307617 0.667556389702691 0.0618598175048829 0.1234067789713541
6.0 0.44444860458374025 0.05376900447739495 0.04942714691162109 0.10207433303197225
