20.0 0.4223521423339844 0.568506622314453 0.0939217376708984 0.10260128445095484
22.0 0.7846340560913085 0.7268065049913195 0.017104263305664058 0.056211208767361076
13.0 0.045374145507812505 0.11725017123752171 0.02332114219665527 0.04370274861653646
22.0 0.8299535369873047 0.7351318698459202 0.016130218505859384 0.05472771538628474
23.0 0.23554535865783693 0.7258029513888888 0.024017314910888682 0.02098958333333334
22.0 0.9651780700683594 0.48470487806532114 0.022622528076171933 0.057168477376302096
22.0 0.2241597843170166 0.7247198147243924 0.01982088088989259 0.05526970757378469
22.0 0.8134261322021484 0.7339688110351563 0.014129638671875 0.06191046820746526
21.0 0.3339585590362549 0.6161782497829862 0.08777021408081054 0.11666558159722229
20.0 0.4258738899230957 0.551223873562283 0.09526355743408205 0.13570682101779513
22.0 0.9888717651367187 0.5272694396972657 0.020515899658203107 0.057437845865885406
22.0 0.801637840270996 0.7262909613715278 0.014017257690429719 0.05100938585069448
20.0 0.13618052005767822 0.7500975884331598 0.05491080284118653 0.10824340820312506
21.0 0.533442497253418 0.6652005004882813 0.08099502563476557 0.09445671929253474
3.0 0.018269325569272042 0.7227608913845487 0.03521034464240074 0.04699679904513887
