21.0 0.703283462524414 0.5933177863226997 0.0900164794921875 0.12504479302300353
21.0 0.3406686115264893 0.6655222574869792 0.08938055038452147 0.07848849826388882
6.0 0.4619375801086426 0.19670201619466146 0.06472675323486327 0.06848968505859376
22.0 0.9717085647583008 0.7655104234483507 0.01438377380371092 0.05301968044704852
21.0 0.2862993335723877 0.6797199503580729 0.05306543350219728 0.07702494303385421
22.0 0.9880703353881836 0.7893388536241319 0.019700241088867143 0.057750922309027786
16.0 0.9002915573120117 0.6323285590277778 0.07647941589355467 0.06833618164062505
22.0 0.9478182220458984 0.7254143269856771 0.011535949707031201 0.04903422037760419
16.0 0.46249879837036134 0.7302676052517361 0.05248477935791018 0.1279328070746527
21.0 0.7897868728637696 0.5511056688096788 0.09652549743652339 0.08206831190321173
20.0 0.789640007019043 0.5533468967013888 0.09586585998535158 0.08049289279513883
22.0 0.9604304885864258 0.7419305080837674 0.013003768920898384 0.04715447319878474
16.0 0.9295696258544922 0.690015631781684 0.04376083374023443 0.06782192654079866
