21.0 0.5603226089477539 0.591400383843316 0.09039237976074221 0.12451775444878477
21.0 0.6470477867126465 0.5503087700737848 0.09518115997314458 0.08260430230034721
6.0 0.43133441925048827 0.16403926425509982 0.04611968994140625 0.11005532158745661
21.0 0.2007566833496094 0.6659917873806424 0.08707271575927736 0.07662333170572921
22.0 0.8860469436645508 0.7770245022243923 0.020200424194335986 0.056432359483507
22.0 0.9148668289184569 0.7941383192274305 0.019707565307617192 0.05609374999999994
22.0 0.9453055572509765 0.7762711588541666 0.018525848388671884 0.05317857530381942
22.0 0.9829865646362305 0.7261317274305555 0.022234268188476625 0.06171766493055553
15.0 0.37445451736450197 0.7363586086697049 0.05813320159912111 0.11562723795572916
21.0 0.14678168773651123 0.6756276787651909 0.05891690254211425 0.08848205566406253
16.0 0.7572627639770508 0.6310538058810764 0.07344078063964854 0.06178412543402778
16.0 0.7798099517822266 0.671462639702691 0.057070922851562456 0.10059875488281256
