16.0 0.5976952171325683 0.6159627956814236 0.09119876861572274 0.08704386393229169
22.0 0.8118542098999023 0.5887817043728298 0.020013046264648393 0.05601067437065976
22.0 0.8424249267578126 0.5874266730414497 0.020867767333984433 0.057060580783420134
22.0 0.6374612426757813 0.629150390625 0.015928497314453227 0.04695393880208343
22.0 0.7816242218017577 0.6106457180447049 0.020953063964843754 0.05958285861545132
22.0 0.8782673263549805 0.5299054124620226 0.01808616638183591 0.06120954725477429
16.0 0.9464442062377929 0.43317491319444446 0.062472763061523495 0.11746385362413192
22.0 0.9867926788330078 0.39332677205403643 0.018348236083984393 0.05443634033203121
23.0 0.8624142837524413 0.5639913431803385 0.019157791137695335 0.022940979003906237
22.0 0.7872084045410156 0.5794250149197049 0.019923400878906206 0.053161824544270875
22.0 0.786378173828125 0.593895246717665 0.020395812988281303 0.08527930365668401
