16.0 0.5391060829162597 0.8493090142144097 0.09091266632080075 0.07829454210069442
16.0 0.9009542083740234 0.6954757351345486 0.07224792480468756 0.09523328993055558
22.0 0.8496336364746093 0.780975579155816 0.021419525146484375 0.05633402506510421
13.0 0.7483486557006835 0.6416212293836805 0.022812728881835942 0.04170681423611111
22.0 0.6085166931152344 0.8217721218532986 0.023508071899414062 0.05908081054687497
22.0 0.7562516784667969 0.8233533732096354 0.0186589050292969 0.05419969346788189
22.0 0.8180937576293945 0.7876187133789062 0.01858497619628907 0.05118279351128474
22.0 0.7863863372802734 0.8086276584201388 0.01960830688476567 0.054939914279513835
23.0 0.6500893402099609 0.8319617377387153 0.03192642211914065 0.026755235460069526
22.0 0.9894073867797852 0.5944088575575087 0.018277053833007817 0.05520246717664934
22.0 0.9594009780883789 0.6194639417860244 0.020219039916992143 0.05792161729600698
23.0 0.8717770385742187 0.7614588419596354 0.022901763916015616 0.019190199110243
22.0 0.8233626174926758 0.7970996432834201 0.0143267059326172 0.03523905436197916
23.0 0.8046527481079102 0.8022695583767361 0.023862838745117188 0.026537950303819446
23.0 0.9754846954345704 0.6094673326280382 0.0234982299804688 0.03490620930989585
