6.0 0.49098197937011717 0.1995302242702908 0.046317901611328094 0.10694497002495656
17.0 0.462047233581543 0.5854424201117622 0.08879280090332031 0.09223161485460074
22.0 0.7252194595336914 0.5633607821994358 0.020649490356445366 0.05386898464626744
22.0 0.8203345489501953 0.5347114393446181 0.020592956542968777 0.0572608778211805
16.0 0.6464544868469237 0.5573456658257379 0.07593593597412107 0.08641557481553819
22.0 0.8488206100463868 0.5297445170084636 0.020476608276367214 0.05604393853081591
22.0 0.8800252914428711 0.47938379923502605 0.020764999389648375 0.06618099636501734
23.0 0.8003210830688476 0.5574977620442708 0.030229415893554656 0.04014499240451386
23.0 0.9741705322265626 0.3545148213704427 0.032900695800781254 0.038702833387586844
23.0 0.867281494140625 0.5093016221788195 0.026865539550781192 0.019960327148437484
