17.0 0.46193141937255855 0.867095947265625 0.08778816223144531 0.08835761176215273
23.0 0.8697428894042969 0.7879808213975694 0.03121551513671872 0.02615044487847218
16.0 0.6057300567626953 0.8344765218098958 0.08218276977539052 0.0810586208767361
22.0 0.8477995681762696 0.811918707953559 0.018341903686523442 0.05608337402343744
21.0 0.7002830505371094 0.7970689900716146 0.07667327880859376 0.06201748318142353
13.0 0.8192911148071289 0.049127064810858836 0.024928512573242134 0.03992425918579102
23.0 0.9733600616455078 0.6325240071614584 0.03341186523437489 0.0436736382378472
22.0 0.6718511199951172 0.8331238132052952 0.013519287109375 0.04540574815538201
22.0 0.7910358047485351 0.8305647108289931 0.017086563110351505 0.05558607313368058
22.0 0.8191346740722656 0.8160977851019965 0.017401275634765567 0.054165785047743054
22.0 0.8239390563964843 0.8213251410590278 0.015029602050781299 0.04455322265624995
23.0 0.6526513290405274 0.8579525417751737 0.02497917175292974 0.022261827256944478
22.0 0.8221341705322265 0.8173887464735243 0.018168334960937504 0.05345764160156252
