23.0 0.8239214706420899 0.5681462097167969 0.02914268493652339 0.04698421902126737
22.0 0.6226850128173829 0.593810543484158 0.021721038818359406 0.05734351264105908
23.0 0.8694361877441406 0.5316319444444444 0.03412048339843754 0.030424804687500084
21.0 0.4378995895385742 0.6283467610677083 0.07628112792968755 0.08069132486979169
23.0 0.7991421508789063 0.5810188293457031 0.02941574096679689 0.04048133002387155
13.0 0.5150574111938476 0.54781984117296 0.02260902404785159 0.04221757676866311
23.0 0.5284290313720703 0.623565436469184 0.017459030151367294 0.04665656195746526
22.0 0.6515505599975586 0.5856794908311631 0.0202776336669922 0.04576477050781247
22.0 0.5617724418640136 0.6196306016710069 0.017833442687988255 0.053509385850694424
23.0 0.6491254997253417 0.601078626844618 0.03166309356689456 0.027002088758680487
23.0 0.973818359375 0.3783337910970052 0.03433990478515625 0.0394556003146701
