22.0 0.9494319534301758 0.6136122300889757 0.014487075805663996 0.05236063639322919
23.0 0.8779585647583008 0.6565650092230904 0.03224342346191411 0.02938503689236105
23.0 0.6685946655273438 0.6705750868055556 0.033148498535156334 0.03269110785590268
23.0 0.9198201751708984 0.6277328830295139 0.02578262329101566 0.04482082790798614
13.0 0.8309429168701172 0.44384304470486113 0.01929870605468753 0.040219251844618054
21.0 0.7488053131103516 0.6434766642252604 0.07516693115234374 0.09554382324218746
13.0 0.8162246322631836 0.4436242336697049 0.02131492614746089 0.04308173285590278
22.0 0.9778236389160155 0.6066176350911459 0.01292312622070313 0.050555284288194446
17.0 0.7820941925048828 0.6265294392903646 0.07142456054687496 0.06597907172309025
16.0 0.9857389450073242 0.5638779873318143 0.02852210998535154 0.05773257785373265
