23.0 0.48022851943969724 0.6962190755208333 0.02983684539794923 0.05584472656250006
13.0 0.6274766731262207 0.2857862091064453 0.023862571716308567 0.04298521253797738
22.0 0.775733413696289 0.5763750881618923 0.01877334594726554 0.05700541178385421
23.0 0.7440559005737304 0.591160176595052 0.026862258911132808 0.04481533474392363
23.0 0.9360576248168946 0.5615093315972222 0.030526046752929692 0.03719523111979173
23.0 0.7036244583129883 0.6185797797309027 0.03481391906738285 0.029315999348958344
21.0 0.5726021385192872 0.6052610609266493 0.07463207244873049 0.09683546278211808
16.0 0.835730972290039 0.5215245225694445 0.07718551635742188 0.05979580349392355
22.0 0.8059595489501954 0.5680148993598091 0.013183898925781201 0.051273261176215335
23.0 0.9661937332153321 0.5399186876085069 0.01549400329589845 0.024253472222222183
23.0 0.9937183380126953 0.5082990180121527 0.012563323974609353 0.04478637695312504
