23.0 0.3439267921447754 0.9698741658528646 0.029554023742675795 0.050892673068576366
23.0 0.8234112548828125 0.8234222751193576 0.027826843261718803 0.046605699327257
23.0 0.8693779754638672 0.7877772691514757 0.03312286376953133 0.027764689127604214
7.0 0.560501880645752 0.2624451107449002 0.0717750930786133 0.07242219712999132
22.0 0.6329866600036621 0.8478192477756077 0.019773750305175808 0.05429178873697926
13.0 0.5049896812438965 0.4101615227593316 0.024873847961425777 0.04401411268446176
23.0 0.9735543823242188 0.6326344807942708 0.03306823730468755 0.04347805447048614
23.0 0.5682563781738281 0.8920084635416666 0.034121932983398384 0.02983262803819442
23.0 0.6525613021850586 0.8587550523546007 0.028011550903320304 0.023816528320312447
22.0 0.6057998085021973 0.8475797186957466 0.021070747375488308 0.052495591905382
23.0 0.8014505767822266 0.8338294813368056 0.0250552368164062 0.03403822157118053
21.0 0.43511606216430665 0.8695167711046007 0.07370662689208984 0.08687289767795137
23.0 0.6770933532714843 0.8366779242621528 0.020114898681640625 0.03945149739583331
16.0 0.4716048812866211 0.8598897976345485 0.06640708923339844 0.06447157118055558
23.0 0.6079545021057129 0.8619188435872396 0.026731224060058567 0.04140997992621531
