23.0 0.3442123985290527 0.8898114352756077 0.029471473693847672 0.0548592800564236
22.0 0.578388729095459 0.8103615654839409 0.020081672668457062 0.055376315646701424
23.0 0.6794186782836914 0.7554667494032118 0.02329307556152349 0.0385146077473959
21.0 0.43526813507080075 0.7879105631510417 0.07324028015136719 0.08572048611111116
13.0 0.5310249710083008 0.2228976016574436 0.02245910644531246 0.041753251817491316
23.0 0.6504725837707519 0.7782054985894097 0.03325450897216797 0.024108208550347232
23.0 0.5638653564453124 0.812758043077257 0.024301605224609335 0.025188395182291656
23.0 0.6069132995605468 0.7833821275499132 0.027516784667968697 0.039042629665798634
23.0 0.7992368698120117 0.7570824856228299 0.030565261840820312 0.0348830159505209
22.0 0.6051879501342774 0.7683856201171875 0.019137268066406254 0.052398681640625
23.0 0.8689326095581055 0.7067698838975695 0.03027290344238276 0.025165879991319473
23.0 0.8219500350952149 0.7434486558702257 0.02403816223144528 0.04691955566406247
23.0 0.9743816375732421 0.5524893188476563 0.03271530151367186 0.04045457628038196
16.0 0.47244649887084955 0.7799984063042534 0.0671599197387695 0.06637932671440971
