22.0 0.55324369430542 0.6407565307617187 0.02036655426025391 0.05764044867621532
23.0 0.3440687942504883 0.7239178805881077 0.028861770629882766 0.05411587185329869
23.0 0.823456916809082 0.5771932305230034 0.027588729858398442 0.046926066080729245
23.0 0.7991793441772461 0.5912922837999133 0.029120254516601607 0.03970153808593746
13.0 0.5621399879455566 0.019231266445583768 0.025355186462402424 0.038462532891167536
23.0 0.8688842010498047 0.5407205539279514 0.03419906616210944 0.02783386230468743
23.0 0.607105598449707 0.6196889919704861 0.029949188232421875 0.04557847764756939
22.0 0.5775844573974609 0.6449465264214409 0.021902084350585938 0.05475701226128471
23.0 0.6504533576965332 0.612270745171441 0.033610496520996125 0.026447957356770857
23.0 0.6796436309814453 0.5884005059136285 0.025564422607421866 0.043219197591145786
23.0 0.9741741943359375 0.3878789605034722 0.03302001953125 0.03901997884114583
21.0 0.4349021339416504 0.6233770412868924 0.07280513763427732 0.08975280761718751
16.0 0.6999426651000977 0.5469159444173177 0.07778205871582033 0.059169006347656206
