22.0 0.5792980194091797 0.8192131212022569 0.02046066284179693 0.05704657660590284
23.0 0.3970041275024414 0.8998265245225694 0.028828201293945366 0.054448242187499996
23.0 0.8761188125610351 0.7542470296223959 0.027224655151367183 0.04551283094618053
23.0 0.9228625869750977 0.7160138278537327 0.03538597106933594 0.030708482530381942
22.0 0.605075626373291 0.8196982828776042 0.019818992614746067 0.05673923068576392
23.0 0.85215576171875 0.7667670016818576 0.02921295166015625 0.034213121202256946
23.0 0.6605998611450195 0.7952168443467882 0.02845817565917963 0.045094333224826366
23.0 0.6973643875122071 0.7880833604600694 0.021128005981445264 0.02192518446180558
23.0 0.7076335906982422 0.7886012098524307 0.02075958251953125 0.023215196397569415
21.0 0.4892909240722656 0.803583272298177 0.07687934875488284 0.1010284423828125
23.0 0.6222274017333984 0.8190127224392361 0.026079177856445312 0.022459716796875084
23.0 0.7016390991210938 0.7881423611111111 0.029194335937499982 0.022304009331597263
