23.0 0.38014352798461915 0.9428972371419271 0.03003398895263676 0.05292663574218759
23.0 0.8600363159179687 0.7981463283962673 0.02738082885742188 0.045902303059895844
23.0 0.9058422088623046 0.7600903998480903 0.03387817382812497 0.02553982204861105
23.0 0.6032470893859863 0.8638267008463542 0.02981884002685542 0.030645480685763893
23.0 0.8366599655151368 0.8121684095594618 0.02889991760253896 0.0343003336588541
22.0 0.5618898773193359 0.8578258599175347 0.02096031188964842 0.05872355143229169
23.0 0.6449594306945801 0.8367309231228299 0.02577449798583986 0.04202779134114587
6.0 0.5410254287719727 0.23273789299858944 0.050253067016601594 0.11818937513563368
16.0 0.5038732719421387 0.8366597493489583 0.07463191986083989 0.07245279947916672
22.0 0.5418092918395996 0.8334864976671007 0.016389045715332062 0.05484178331163192
23.0 0.6770139312744141 0.8326854112413195 0.012870483398437549 0.023284912109375
