23.0 0.8236508941650391 0.5929926215277778 0.02858810424804681 0.045591769748263955
23.0 0.34401409149169926 0.7404344346788194 0.029049072265624976 0.055404866536458375
23.0 0.5103055953979492 0.6248314073350694 0.02681678771972662 0.0511690266927084
13.0 0.5249316024780273 0.573675079345703 0.024201812744140683 0.04262556287977437
23.0 0.7995845413208008 0.6079837375217014 0.028322219848632812 0.03901150173611112
23.0 0.8683991622924805 0.5580851067437067 0.03271018981933593 0.02684912787543403
23.0 0.6506792640686034 0.629713372124566 0.03355068206787115 0.02609083387586797
23.0 0.6068792343139648 0.6354661729600695 0.029601898193359455 0.0452437337239584
23.0 0.6791564178466797 0.6054063585069445 0.02562713623046875 0.04160346137152782
23.0 0.5679802131652832 0.6613574557834201 0.03411838531494138 0.030792982313368022
21.0 0.437357177734375 0.6469234551323785 0.0784265899658203 0.09875590006510415
23.0 0.9738711547851562 0.4042066446940104 0.033225097656249925 0.039478352864583344
