23.0 0.4663020133972168 0.6975554402669271 0.029337425231933556 0.055528903537326424
13.0 0.6428899765014648 0.40473042805989584 0.02434486389160151 0.043487548828125
23.0 0.8012706756591796 0.5637149895562066 0.02534667968750004 0.03906890869140622
23.0 0.7721343612670899 0.5863406711154514 0.03261070251464837 0.02586873372395826
23.0 0.6897804260253906 0.6190209621853299 0.03376113891601562 0.028816121419270813
23.0 0.7296323776245117 0.5923076375325521 0.0288375091552735 0.04352993435329866
23.0 0.6249562644958495 0.6056620279947917 0.015349006652832009 0.03531249999999997
16.0 0.8216727066040039 0.521850823296441 0.07858604431152338 0.060985989040798605
23.0 0.986810073852539 0.5145560879177518 0.0263798522949219 0.028338589138454884
16.0 0.5873107719421387 0.5930816480848524 0.07965564727783203 0.07442562527126739
