23.0 0.8238570404052734 0.5450076293945313 0.029463043212890616 0.04811679416232639
23.0 0.7989410400390625 0.5592632039388021 0.029355468749999947 0.03977166069878468
23.0 0.8688039016723632 0.5088931443956164 0.034318161010742254 0.03062889946831604
23.0 0.6796020126342773 0.5582206386990017 0.025349655151367223 0.039918314615885464
23.0 0.3439100456237793 0.6911019219292535 0.028702659606933634 0.05377950032552081
23.0 0.6075702285766602 0.5870701429578993 0.028788452148437504 0.04652282714843747
23.0 0.6503474426269531 0.580549825032552 0.03355957031250001 0.027039320203993022
23.0 0.5680622482299804 0.6125132581922743 0.03431129455566406 0.032331339518229196
23.0 0.502282886505127 0.6006748792860244 0.017262611389160132 0.03466261121961811
16.0 0.4642939949035645 0.584461398654514 0.08129405975341802 0.0743861219618055
16.0 0.6995958709716796 0.5157205369737413 0.07803482055664068 0.05975874159071176
