23.0 0.49444492340087887 0.8842227172851562 0.02887344360351557 0.05376783582899303
23.0 0.9735588455200195 0.7367317708333334 0.030344009399414062 0.04941596137152782
23.0 0.8281869888305664 0.7501026746961805 0.02523017883300782 0.03970893012152776
6.0 0.5628999710083007 0.3072854783799913 0.04391921997070314 0.12207902696397568
23.0 0.8005952835083008 0.7718384806315104 0.029507675170898473 0.025301717122395817
5.0 0.5891643905639649 0.5871176317003038 0.04507637023925781 0.08037940131293397
23.0 0.7929014587402343 0.7728210788302952 0.01700698852539062 0.023962063259548638
21.0 0.5880383682250976 0.797420179578993 0.07395759582519534 0.08983791775173611
23.0 0.35559074401855467 0.8081493123372396 0.02621353149414063 0.033141615125867996
23.0 0.6527864456176757 0.7932906426323785 0.015556106567382821 0.031354912651909705
16.0 0.6142488670349121 0.7821562025282118 0.08303760528564452 0.08233133951822913
