23.0 0.8383338165283203 0.559140150282118 0.0305302429199219 0.04958428276909732
23.0 0.35857200622558594 0.7047740342881944 0.029229049682617192 0.05650566948784719
23.0 0.6936120223999023 0.5711348809136285 0.024920425415039138 0.0415191650390625
23.0 0.6220791625976563 0.6005118136935764 0.029285125732421924 0.04655626085069442
23.0 0.6648894500732423 0.5940123155381944 0.033976440429687504 0.026576199001736134
23.0 0.5824693107604981 0.6263289727105035 0.0337176895141601 0.03135369194878468
23.0 0.5170651245117188 0.6132265896267362 0.015656127929687513 0.03353556315104167
16.0 0.7142333984375 0.5297828504774306 0.0780133056640624 0.06128173828125005
16.0 0.4773234939575195 0.605891587999132 0.08330589294433594 0.08835869683159714
23.0 0.22081533432006836 0.6292633734809028 0.024673004150390643 0.032879503038194535
