22.0 0.6462079429626465 0.5757417636447483 0.02207447052001954 0.054683464898003464
16.0 0.5439189529418945 0.6464361572265624 0.058246078491210884 0.12231418185763887
22.0 0.62038911819458 0.5785911220974392 0.02399814605712891 0.05813554551866318
22.0 0.6708206558227539 0.5702984280056423 0.022143783569335995 0.052985772026909794
22.0 0.7186787414550782 0.6053494601779514 0.024071350097656263 0.06063530815972229
22.0 0.9218523406982422 0.6421750895182292 0.021484375 0.054478759765624996
22.0 0.9423894882202148 0.6567438422309028 0.022663955688476456 0.05682033962673616
22.0 0.9719559860229492 0.6134976874457465 0.02234046936035161 0.05511318630642359
22.0 0.6957192230224609 0.5799778408474392 0.02170852661132816 0.05430674235026045
22.0 0.9937496948242188 0.5721848381890191 0.012500610351562469 0.05707197401258679
16.0 0.34050859451293947 0.8275313652886285 0.06883197784423828 0.12641255696614584
