22.0 0.9729087448120117 0.5690413072374132 0.01970832824707025 0.053764716254340206
16.0 0.7961220169067382 0.7366307237413194 0.07356346130371094 0.08819023980034713
22.0 0.8956640625 0.5833723280164931 0.020510864257812456 0.05451022677951389
22.0 0.9450352478027344 0.5768954467773437 0.020509490966796884 0.055511678059895875
16.0 0.6412668800354004 0.7978079562717013 0.07489406585693359 0.18858940972222216
22.0 0.922107276916504 0.5817707316080729 0.023462295532226562 0.05841668023003477
20.0 0.6016339492797851 0.760647718641493 0.07115470886230468 0.11464586046006953
16.0 0.6861819458007812 0.7994641452365452 0.05103240966796874 0.12214931911892368
22.0 0.9946952438354493 0.5693142530653211 0.010609512329101567 0.040293748643663196
20.0 0.7833186340332032 0.7334589640299479 0.04459274291992188 0.09755594889322916
