22.0 0.6740281295776367 0.6250147501627604 0.02553581237792968 0.06132141113281242
22.0 0.976045150756836 0.6861114501953125 0.025178222656250027 0.06080213758680553
16.0 0.5017321395874024 0.7985350545247396 0.0520298767089844 0.12830654568142363
16.0 0.5590013694763183 0.7783110894097223 0.06309810638427737 0.12862725151909726
22.0 0.7840910339355469 0.5679826354980468 0.025433959960937558 0.0593450588650174
22.0 0.7034876251220703 0.5867582024468316 0.02202606201171875 0.054343838161892366
22.0 0.756240997314453 0.5774200608995226 0.02233016967773438 0.056978997124566
22.0 0.7295416259765626 0.5786910841200087 0.021837768554687442 0.05648691813151041
16.0 0.3600900459289551 0.8016379123263889 0.07663974761962894 0.08211168077256947
22.0 0.9938107299804688 0.6787811618381077 0.012378540039062469 0.05467251247829863
