22.0 0.7668124389648437 0.747501695421007 0.021443786621093697 0.06251017252604163
22.0 0.826662826538086 0.6381556193033855 0.022689971923828156 0.06010409884982637
22.0 0.887292251586914 0.5795651245117187 0.020775146484375062 0.05353725857204861
22.0 0.857536849975586 0.5901007758246528 0.021205902099609375 0.053590766059027795
13.0 0.4788508987426758 0.6985788642035591 0.02409919738769528 0.04258266872829852
22.0 0.7971015167236328 0.7020784505208333 0.018526916503906254 0.05730278862847216
21.0 0.5735133171081543 0.7708267890082465 0.07312252044677736 0.09904602050781253
16.0 0.662940788269043 0.7896636623806423 0.04499107360839838 0.11266025119357637
16.0 0.6358710098266601 0.861316392686632 0.07365730285644534 0.06654432508680563
15.0 0.5741446876525879 0.7706136745876737 0.07400920867919925 0.09838189019097221
