22.0 0.709208641052246 0.5917253112792968 0.024623336791992245 0.05855621337890626
22.0 0.5905244064331054 0.7477152845594618 0.02154403686523443 0.05458136664496527
22.0 0.6156671905517579 0.7478904215494793 0.022291717529296817 0.05378458658854168
16.0 0.51533052444458 0.7976102023654514 0.05046245574951169 0.12666124131944445
22.0 0.6761392974853515 0.6520338270399305 0.02321731567382812 0.06160725911458331
16.0 0.4710211753845215 0.8218126763237847 0.07353946685791013 0.20063517252604168
22.0 0.9142615509033203 0.6326854790581597 0.02141021728515624 0.05621676974826384
22.0 0.9348325729370117 0.6414725748697917 0.02221763610839833 0.05416748046874997
13.0 0.3763033485412598 0.5367989264594184 0.022803993225097685 0.041644253200954884
22.0 0.9580120086669922 0.660886705186632 0.021334228515625053 0.05362521701388889
22.0 0.6435663986206055 0.7197006225585938 0.020348434448242192 0.05887661404079869
22.0 0.9804575729370117 0.6782366943359375 0.022541885375976567 0.058680013020833366
15.0 0.3241244697570801 0.796094970703125 0.05308559417724612 0.09149875217013892
7.0 0.4811179924011231 0.551985371907552 0.07091876983642581 0.07088751898871537
