16.0 0.4548403549194336 0.8121228705512153 0.050230255126953116 0.12809095594618058
22.0 0.9644998550415039 0.6708124457465278 0.02443641662597651 0.060148247612847205
22.0 0.8034312057495117 0.6223711140950521 0.022929611206054745 0.053863728841145875
22.0 0.8498894882202148 0.6310991414388021 0.02100532531738286 0.0535125732421875
22.0 0.5132651329040527 0.808194342719184 0.018545265197754013 0.059688517252604156
22.0 0.5404093551635742 0.7483631727430555 0.018388595581054656 0.05704413519965279
22.0 0.5945168876647949 0.7149502902560765 0.016550865173339924 0.06019856770833332
22.0 0.8249103927612305 0.6326522827148438 0.021066665649414062 0.05322679307725697
22.0 0.8740273666381836 0.64095947265625 0.02229286193847657 0.05197848849826392
22.0 0.896327896118164 0.6574261135525175 0.02385787963867181 0.05734449598524305
16.0 0.42002220153808595 0.8933555772569445 0.054640274047851545 0.12401570638020831
22.0 0.5651379966735839 0.7457659233940972 0.01716556549072268 0.05916734483506947
22.0 0.4871111488342285 0.8460174899631077 0.018305091857910183 0.05886603461371531
15.0 0.27383568763732913 0.7962049357096355 0.07606267929077151 0.09567823621961813
22.0 0.9903258514404296 0.6455692206488716 0.019348297119140656 0.05426506890190974
21.0 0.36947351455688476 0.770933837890625 0.07086956024169921 0.0962228732638889
