22.0 0.6383179092407227 0.8666794840494791 0.017163925170898486 0.055251871744791625
16.0 0.5829731178283691 0.8518090481228298 0.04969242095947268 0.12873867458767363
22.0 0.9698773574829102 0.6344098239474827 0.01911903381347657 0.055544908311631946
22.0 0.6970893096923828 0.741989983452691 0.018741302490234313 0.05788431803385419
22.0 0.668940544128418 0.7455880398220486 0.017533035278320286 0.055328369140625
22.0 0.9300201034545899 0.6098607381184895 0.019097366333007848 0.05955749511718744
15.0 0.40142902374267575 0.7978172810872396 0.07431480407714847 0.09095520019531245
22.0 0.9466307830810547 0.6208836195203993 0.01403701782226563 0.04433234320746526
22.0 0.9930376815795898 0.6320990668402777 0.013924636840820348 0.05627007378472226
23.0 0.6569277191162108 0.7679835679796008 0.026304626464843772 0.036350301106770844
16.0 0.5490780639648437 0.8931277804904514 0.05308982849121091 0.12352593315972227
21.0 0.49739154815673825 0.7699482896592882 0.07006004333496091 0.09770324707031253
