15.0 0.10760334491729737 0.7981581624348959 0.07533625602722167 0.09239583333333334
22.0 0.6439353370666503 0.628218248155382 0.02166042327880857 0.05964246961805553
22.0 0.34031259536743164 0.8716369967990452 0.021485328674316406 0.05693325466579857
22.0 0.7535600662231445 0.6796071031358507 0.02396842956542966 0.060570136176215206
22.0 0.777012825012207 0.6842927720811632 0.021700210571289125 0.0601654052734375
22.0 0.6682110977172852 0.6353420681423612 0.021762313842773384 0.05786105685763887
22.0 0.8342052078247071 0.6498481920030381 0.022328262329101567 0.05563279893663198
22.0 0.9749363708496094 0.6106403944227431 0.020361633300781223 0.061283908420138866
22.0 0.6244362258911134 0.6080119832356771 0.01783805847167963 0.05370924207899308
22.0 0.8058385086059571 0.6600884331597222 0.022057266235351536 0.054299452039930474
22.0 0.6918856811523437 0.6323964097764757 0.0224154663085937 0.05711378309461801
22.0 0.909432144165039 0.5642740885416666 0.0214993286132813 0.05396769205729168
22.0 0.3737708854675293 0.7465288628472222 0.018988151550292987 0.061667751736111054
22.0 0.8614571380615235 0.6387474229600695 0.02225357055664068 0.051823459201388866
16.0 0.2866770553588867 0.8518812052408854 0.05107559204101564 0.12627109103732637
22.0 0.8848887634277345 0.616198221842448 0.021496887207031246 0.0547224256727431
22.0 0.3166287231445313 0.8697260199652778 0.01761161804199224 0.05205335828993052
22.0 0.9478665924072265 0.5861744859483506 0.01683700561523438 0.057621053059895844
17.0 0.1996477508544922 0.7700212266710069 0.06984302520751953 0.0962848578559028
23.0 0.6109206390380859 0.5747718132866754 0.02178245544433599 0.05200096978081592
22.0 0.9296358489990234 0.5682047865125868 0.017703247070312456 0.04730746799045138
23.0 0.3599527168273926 0.7659902275933159 0.024102897644042998 0.037614813910590184
15.0 0.23123965263366697 0.8066539510091146 0.04998662948608398 0.07206359863281253
16.0 0.253196964263916 0.8936290486653646 0.05436294555664059 0.12435770670572921
