16.0 0.3511822509765625 0.9068569607204862 0.055008773803710886 0.1268547905815972
15.0 0.20479256629943848 0.8134330579969618 0.07753915786743165 0.09281704372829858
16.0 0.3854009056091309 0.8664725070529514 0.05028385162353516 0.12623236762152779
22.0 0.7370369338989258 0.6392205810546875 0.020570755004882812 0.0571122233072916
22.0 0.7587462234497071 0.6504963175455729 0.02413124084472662 0.061198391384548634
22.0 0.8241143798828126 0.6714276462131077 0.019169921874999996 0.05521545410156248
22.0 0.845367088317871 0.6915749443901911 0.021517410278320326 0.05668613009982637
22.0 0.9486943435668945 0.6647832912868923 0.023870468139648438 0.058872273763020844
22.0 0.43292722702026365 0.8934468926323784 0.020820808410644542 0.0591101752387152
22.0 0.9255708694458007 0.6585789998372396 0.021702651977539067 0.056789347330729156
22.0 0.8978519439697266 0.6840943739149306 0.02335433959960942 0.05820448133680556
22.0 0.8687333679199218 0.700624016655816 0.020552368164062473 0.05744622124565968
22.0 0.6920739364624023 0.5905989244249132 0.021402206420898517 0.056243421766492996
22.0 0.7162926483154297 0.6138243950737847 0.01892196655273437 0.05450127495659718
22.0 0.9916032409667969 0.6218470594618055 0.016793518066406277 0.06642740885416665
21.0 0.3005134296417237 0.7844161987304688 0.07342222213745114 0.09921244303385413
23.0 0.7031621932983398 0.6172945488823784 0.036311874389648446 0.04342481825086808
22.0 0.4094228172302246 0.8662115478515625 0.010938911437988308 0.050284695095486054
23.0 0.465313949584961 0.8157709418402778 0.018474502563476547 0.07613796657986116
17.0 0.2974123954772949 0.7846759372287326 0.068337287902832 0.09731424967447921
