22.0 0.9122184753417969 0.6556725735134549 0.022389831542968697 0.05418124728732643
22.0 0.9592223739624024 0.6874888441297743 0.023194046020507897 0.06123718261718758
22.0 0.9346371841430664 0.6784173583984375 0.021627120971679625 0.05828274197048611
22.0 0.8906222152709962 0.6420346408420139 0.02218833923339847 0.056757134331597126
22.0 0.9862456893920899 0.6726830037434895 0.022245101928710986 0.05747863769531247
16.0 0.47519752502441404 0.8547258843315972 0.04736122131347659 0.12890285915798616
15.0 0.2938372802734375 0.797607421875 0.07374366760253909 0.09191555447048616
16.0 0.4419811058044434 0.8951176283094617 0.05387607574462888 0.12335062662760421
22.0 0.8061970901489258 0.5999224853515626 0.018486709594726536 0.05433227539062491
13.0 0.4996343612670898 0.7712031724717883 0.02138542175292968 0.03870747884114578
23.0 0.7965475082397461 0.610321044921875 0.03324699401855469 0.03850179036458323
15.0 0.40377590179443357 0.7507900661892362 0.044728012084960966 0.055838894314236165
15.0 0.3748824119567871 0.7846245998806424 0.04220088958740231 0.07159010145399303
22.0 0.8251043319702148 0.6228327094184027 0.019361495971679688 0.05903781467013891
15.0 0.4191628265380859 0.8076309882269965 0.04939407348632813 0.07270785861545148
23.0 0.5490829277038574 0.7694323052300347 0.026704521179199303 0.041614312065972214
22.0 0.5005073547363281 0.8525507948133682 0.015619430541992163 0.05516832139756944
