13.0 0.44061727523803706 0.5995792304144965 0.02382045745849609 0.04123650444878468
22.0 0.8018964767456054 0.6323238457573785 0.022248153686523442 0.054949069552951424
22.0 0.894426040649414 0.6862422010633681 0.022546234130859433 0.05657958984375
22.0 0.9650580596923828 0.6554076131184896 0.021961212158203125 0.05571689181857642
22.0 0.9222361755371093 0.670347900390625 0.022412719726562447 0.056655680338541625
22.0 0.6929306030273437 0.5683005777994792 0.022618408203124996 0.05670518663194446
22.0 0.8488266754150391 0.6551443142361111 0.022435302734374996 0.05405341254340279
17.0 0.3253147983551026 0.7719608900282118 0.06847288131713863 0.0932927110460069
22.0 0.871402359008789 0.6763714938693577 0.021617889404296875 0.05408969455295132
22.0 0.8273801040649413 0.6367502509223091 0.02221519470214839 0.05065138075086806
16.0 0.41306175231933595 0.8520939805772569 0.05130180358886721 0.1292499457465277
16.0 0.3788270378112793 0.8928581068250868 0.054261207580566406 0.12526306152343758
15.0 0.2305237579345703 0.7956292385525174 0.07321590423583987 0.09152757432725689
22.0 0.9886524963378907 0.6188310750325521 0.021639709472656254 0.05718553331163201
22.0 0.7200159454345703 0.5754803127712673 0.0213804626464843 0.04956305609809031
23.0 0.4863748168945312 0.7645827907986111 0.026011199951171904 0.043933648003472214
21.0 0.3564933967590332 0.8058064439561632 0.05094539642333984 0.07744052463107631
23.0 0.4933310127258301 0.8038141208224826 0.018843498229980438 0.06915574815538195
22.0 0.7407402038574219 0.5936253865559896 0.020178527832031223 0.05395595974392364
23.0 0.4874907112121582 0.7900758531358507 0.02749027252197267 0.09169223361545142
23.0 0.7346405029296875 0.6004604085286458 0.030954895019531303 0.0474518500434028
23.0 0.7266576766967774 0.6003990681966146 0.04645378112792964 0.04823994954427091
17.0 0.3110781002044678 0.7741155327690972 0.0397049903869629 0.08914306640624992
