15.0 0.21556891441345216 0.7979330444335937 0.07672227859497072 0.09146043565538198
22.0 0.6222109794616699 0.5768875800238715 0.023384208679199325 0.06063890245225689
22.0 0.7374629974365234 0.612195807562934 0.019908905029296875 0.059221259223090295
22.0 0.7815499877929688 0.6338341267903645 0.02114135742187495 0.05514356825086808
22.0 0.852105941772461 0.6720668199327258 0.020595855712890576 0.05784579806857637
22.0 0.7583763885498047 0.6321225992838542 0.02174163818359376 0.05873494466145823
22.0 0.6498968696594238 0.5770863681369358 0.021259269714355433 0.05675025092230912
22.0 0.9144853973388671 0.6627422417534723 0.022267761230468808 0.05794325086805563
16.0 0.3609259414672852 0.8920367770724826 0.057460403442382846 0.12554423014322924
22.0 0.8907117080688476 0.6830027601453994 0.021933364868163996 0.0586099582248264
22.0 0.6739939880371094 0.5692546590169271 0.02174591064453124 0.05722866482204858
22.0 0.9419018936157226 0.6483761935763889 0.02297950744628907 0.05667751736111115
22.0 0.8083082962036132 0.637097405327691 0.021914596557617183 0.05093119303385418
16.0 0.39618595123291017 0.851374037000868 0.0509796142578125 0.1282968478732639
22.0 0.8300972747802734 0.6523553466796874 0.02171539306640624 0.05349446614583331
23.0 0.716921043395996 0.6020618014865451 0.030556869506836004 0.038275485568576406
23.0 0.6998907089233398 0.5868950398763021 0.029146194458007812 0.024228583441840312
