2.0 0.6672064971923828 0.5057759433322483 0.04375320434570318 0.08110239664713542
15.0 0.2714358234405517 0.8128982883029514 0.07649595260620118 0.09765936957465282
16.0 0.41702678680419925 0.9067818874782987 0.057500152587890596 0.12780395507812503
13.0 0.6334841537475586 0.5313729180230035 0.022744064331054692 0.043980441623263866
23.0 0.6291642570495606 0.6268341742621528 0.03061252593994135 0.040454915364583344
22.0 0.8569171142578125 0.650849846733941 0.019099884033203174 0.050391099717882026
22.0 0.6714884948730468 0.597474348280165 0.020451965332031197 0.05746870252821179
23.0 0.9437841415405274 0.6897827487521702 0.02737373352050776 0.050320570203993054
23.0 0.6527317428588868 0.6159375 0.03175514221191411 0.02950683593750003
16.0 0.4514442825317383 0.8686198933919271 0.05179718017578128 0.12975809733072918
22.0 0.8307196807861328 0.6523223198784722 0.0223239135742187 0.05257961697048619
22.0 0.7667991256713866 0.5956542290581597 0.018508071899414058 0.049907633463541656
23.0 0.7697229385375977 0.614060533311632 0.03128761291503901 0.04466810438368063
22.0 0.9078158187866211 0.6910360378689235 0.028720321655273384 0.05897664388020829
22.0 0.7887938308715821 0.621658460828993 0.01788307189941407 0.05510552300347216
23.0 0.7551236724853516 0.5994500054253472 0.0443572998046875 0.03022922092013891
