15.0 0.08373136997222899 0.8071685112847222 0.07412390708923339 0.08939181857638889
23.0 0.7144151306152344 0.6930917019314236 0.027398529052734433 0.05407375759548605
16.0 0.22896466255187986 0.9003282335069445 0.05592489242553708 0.12655951605902782
23.0 0.4650987434387207 0.6087171088324652 0.02868862152099605 0.030671657986111156
23.0 0.7571725845336914 0.7061824205186632 0.034221420288085946 0.03329881456163197
22.0 0.6430940437316894 0.6445535278320312 0.020315971374511688 0.05790832519531253
17.0 0.1766107177734375 0.7816568671332466 0.07133541107177735 0.09410556369357637
22.0 0.45263936996459964 0.6035354614257813 0.024015235900878895 0.05681769476996534
22.0 0.5532761192321778 0.5783366054958767 0.022981986999511705 0.05729163275824645
23.0 0.8789646911621094 0.6256533474392361 0.025987396240234384 0.0513700358072916
22.0 0.698416976928711 0.661788567437066 0.02006851196289061 0.056413913302951424
16.0 0.2627353954315186 0.8614584011501736 0.051585750579834 0.13178751627604168
22.0 0.6185302734375 0.6396818372938369 0.02058303833007802 0.05939256456163189
23.0 0.5814174270629883 0.6127349514431424 0.03336456298828128 0.04149447970920139
22.0 0.5754081153869628 0.5876118469238281 0.020751838684082036 0.05243499755859371
12.0 0.33770097732543947 0.7766774495442708 0.02840816497802734 0.04882378472222226
23.0 0.4475142669677734 0.6399248928493924 0.027828369140624976 0.05334737141927093
15.0 0.20645726203918457 0.8153988986545139 0.05008741378784179 0.07059638129340273
