15.0 0.2560672378540039 0.7965650770399306 0.07761859893798831 0.09510660807291671
23.0 0.8408256149291993 0.6203250122070312 0.02126182556152345 0.05169074164496534
23.0 0.8882929611206054 0.6842048136393228 0.02888435363769537 0.053286878797743076
23.0 0.790303840637207 0.6040050591362847 0.023854293823242223 0.04941826714409714
23.0 0.7796268081665039 0.6321931966145833 0.032055435180664005 0.03875705295138887
13.0 0.559560432434082 0.5493286810980902 0.021980972290039036 0.04270209418402782
16.0 0.43720727920532226 0.8518600463867188 0.051383018493652344 0.12981913248697907
23.0 0.9307536315917968 0.6947957695855034 0.0322567749023438 0.03064812554253471
23.0 0.806548957824707 0.6425880262586805 0.03123527526855474 0.031780192057291656
16.0 0.4022098159790039 0.8909826999240451 0.057175369262695286 0.12730529785156253
12.0 0.5119688034057617 0.7747645060221354 0.02812561035156247 0.06557623969184023
23.0 0.758586654663086 0.6005635918511285 0.02822509765624992 0.04269266764322921
16.0 0.3792755126953125 0.8046184963650174 0.053396377563476594 0.07843526204427076
