23.0 0.7652988433837891 0.6842090521918403 0.028703002929687527 0.05500040690104169
15.0 0.13419719696044924 0.7985779147677952 0.0773762893676758 0.09235493977864584
23.0 0.6578606796264649 0.6329555257161459 0.031655044555664036 0.048958468967013835
23.0 0.9306305313110351 0.6162618001302083 0.024499893188476562 0.048613009982638844
16.0 0.31499842643737797 0.8518601481119792 0.05035585403442383 0.12965196397569445
23.0 0.6841816711425781 0.6447102525499132 0.031636352539062496 0.03577263726128477
23.0 0.7288958740234375 0.6486282009548612 0.03446090698242188 0.0347200520833334
23.0 0.5169343185424804 0.5974349975585938 0.03151756286621088 0.036864895290798616
16.0 0.27841806411743164 0.8914397854275173 0.057155532836914075 0.12825351291232634
23.0 0.6362592887878418 0.5992816501193576 0.027482032775878906 0.04558573404947919
6.0 0.4711601257324219 0.25415087381998697 0.07535690307617193 0.030241716172960093
23.0 0.4924568367004395 0.6295277574327256 0.035736045837402364 0.07715813530815974
23.0 0.38894458770751955 0.7702521430121527 0.02925849914550782 0.05456909179687497
23.0 0.8085726928710937 0.6961668565538195 0.03464355468750002 0.03125922309027784
