19.0 0.2073662757873535 0.7366417778862847 0.12245944976806641 0.12626166449652776
23.0 0.5996287155151367 0.7847780354817708 0.01914871215820313 0.05012125651041677
13.0 0.7526857376098632 0.40720124986436634 0.022864151000976496 0.040397779676649315
23.0 0.41513374328613284 0.7546793280707466 0.03379089355468751 0.034966837565104214
13.0 0.6351162338256835 0.40399927775065103 0.022074813842773433 0.03830440945095487
23.0 0.3303042507171631 0.7937578667534722 0.03175867080688477 0.04330783420138895
23.0 0.5766647148132324 0.7931094699435763 0.024383430480957036 0.05276923285590274
7.0 0.4662802886962891 0.3618375311957466 0.07752128601074221 0.0697513156467014
13.0 0.5963333702087402 0.749176025390625 0.02050670623779305 0.04234049479166657
18.0 0.7196229553222656 0.7453505452473959 0.12399337768554686 0.11379231770833331
