16.0 0.15161166191101075 0.5331048075358074 0.07491991043090819 0.08297319200303821
22.0 0.9216052627563477 0.6297915988498264 0.022352218627929688 0.056604546440972126
22.0 0.8049667739868165 0.6747882080078125 0.01984962463378903 0.05421522352430552
22.0 0.6907469940185547 0.5487370469835069 0.019062042236328125 0.05707546657986107
16.0 0.0775352644920349 0.44696782430013016 0.04770676136016845 0.142059088812934
22.0 0.5333042144775391 0.6667962307400173 0.020854415893554634 0.06230719672309026
22.0 0.6688544845581055 0.4948316277398004 0.020647201538085858 0.056692470974392395
22.0 0.311061372756958 0.8116247897677951 0.020529613494873034 0.05449659559461806
22.0 0.7066997909545898 0.6004885864257812 0.017895278930664005 0.0596475558810764
22.0 0.8532463836669921 0.6634269544813368 0.021624450683593754 0.05307447645399299
22.0 0.8282617950439453 0.6664697604709202 0.020819244384765567 0.05202087402343747
22.0 0.2758569145202637 0.776578369140625 0.014969253540039085 0.05628702799479168
22.0 0.33535242080688477 0.819394293891059 0.021883430480956978 0.06040371365017361
22.0 0.29090970039367675 0.8124861992730035 0.018940105438232435 0.05559889051649303
22.0 0.2618735218048096 0.7294330851236979 0.01648347854614257 0.055874091254340286
22.0 0.6404193305969238 0.4685877821180556 0.02152751922607421 0.05319695366753474
22.0 0.48747022628784176 0.733857421875 0.022077293395996123 0.06023247612847227
22.0 0.8800201797485352 0.6569514295789931 0.019345932006835986 0.051444905598958424
22.0 0.7210002517700196 0.6569935099283855 0.01961723327636722 0.06107103135850689
23.0 0.5793828964233398 0.5335560099283854 0.023677520751953063 0.04884989420572916
22.0 0.90081787109375 0.641539035373264 0.018962860107421875 0.04846530490451395
22.0 0.506457691192627 0.7303517659505208 0.020838813781738297 0.05567084418402779
23.0 0.6131719207763672 0.46710369533962676 0.025237350463867214 0.04540022108289932
