22.0 0.46631458282470706 0.7197478569878473 0.023026046752929685 0.05868218315972229
22.0 0.31383472442626953 0.806155259874132 0.02228652954101562 0.06095716688368058
22.0 0.8757904434204101 0.6560278998480902 0.019511947631835946 0.056194932725694424
22.0 0.8042874908447266 0.6746885511610243 0.02103424072265625 0.053866441514756946
22.0 0.7788995361328125 0.7001071506076388 0.022796478271484455 0.06314737955729166
23.0 0.5937103462219238 0.5372662523057725 0.0265545272827149 0.05311560736762144
22.0 0.6504816436767578 0.46892729017469614 0.021150054931640683 0.054066399468315984
22.0 0.7080264282226563 0.5897853597005209 0.0197880554199219 0.06115695529513887
22.0 0.24789496421813964 0.6717858547634549 0.017665653228759737 0.05826924641927089
22.0 0.8292395782470703 0.6649712456597222 0.021186676025390594 0.05317206488715276
22.0 0.504263801574707 0.7414302571614584 0.01822952270507805 0.061582980685763844
22.0 0.2900970268249512 0.8018969387478299 0.018065452575683594 0.057766181098090286
22.0 0.6751729202270508 0.49967266506618924 0.02038627624511724 0.05774458143446176
22.0 0.6927600860595703 0.5403381856282552 0.01880645751953125 0.06169030083550342
22.0 0.4855574035644531 0.7262154134114582 0.020094451904296873 0.05644490559895832
22.0 0.275038480758667 0.7653818088107639 0.016390590667724636 0.056899278428819366
22.0 0.8556249237060547 0.6600995551215277 0.019913635253906214 0.05413045247395831
22.0 0.6134065055847169 0.4767229546440972 0.02040019989013675 0.051050821940104185
22.0 0.2627774047851562 0.7158469645182292 0.016214065551757806 0.05619398328993053
22.0 0.8952781295776366 0.6433248223198784 0.018040237426757755 0.05269809299045136
16.0 0.12497090339660644 0.502313707139757 0.06774526596069334 0.08700405544704864
16.0 0.0781583023071289 0.4456051974826389 0.04231561660766602 0.1368875461154514
23.0 0.6287066459655761 0.4792699517144097 0.022554130554199303 0.041127048068576366
