22.0 0.48923601150512697 0.8641109212239584 0.01916790008544922 0.05760701497395837
22.0 0.8022610473632813 0.8422015719943576 0.019840240478515625 0.05542039659288189
16.0 0.13357620239257811 0.6058724806043836 0.06038242340087889 0.18629987928602432
13.0 0.6890059661865235 0.5028892347547743 0.024172668457031254 0.04229031032986108
22.0 0.8993132400512696 0.7986629231770833 0.02040733337402345 0.05088202582465273
22.0 0.8264217376708984 0.8391636488172742 0.020925750732421866 0.05621141221788195
22.0 0.9193907928466798 0.795286119249132 0.02108871459960937 0.05390760633680558
22.0 0.5310011100769043 0.8641170925564237 0.020704002380371067 0.058168402777777684
22.0 0.3400824356079102 0.941559075249566 0.020797424316406243 0.061754489474826424
22.0 0.7391322708129883 0.6729103936089409 0.019513931274414142 0.058414510091145844
22.0 0.878977165222168 0.8037554931640625 0.020372085571289 0.05322319878472226
22.0 0.8532544326782227 0.8164746432834201 0.020169906616210875 0.05565002441406253
22.0 0.30236029624938965 0.8074268256293402 0.017372951507568346 0.05888509114583329
22.0 0.7228307723999023 0.634974127875434 0.017892074584960893 0.0560041639539931
23.0 0.6423384666442871 0.6779855346679687 0.024758491516113312 0.05132236056857642
22.0 0.7039364242553711 0.6096426730685764 0.017718124389648482 0.052881537543402746
22.0 0.3202065467834473 0.8949737548828125 0.015947074890136748 0.05317084418402773
22.0 0.2891406631469726 0.7676628960503472 0.017251815795898462 0.05855740017361111
22.0 0.3142989063262939 0.8450335354275174 0.013553752899169935 0.056498006184895866
23.0 0.6667097854614258 0.6293460761176215 0.030056533813476616 0.05228074815538197
