22.0 0.9663053131103516 0.665953131781684 0.021348724365234273 0.06055508083767358
22.0 0.9856998443603515 0.6936661444769965 0.021316986083984357 0.06407382541232642
13.0 0.8423411178588867 0.25249650743272567 0.025232162475585906 0.04548862033420137
23.0 0.7143070983886719 0.7222345648871529 0.030720062255859326 0.03919135199652779
23.0 0.8337117385864258 0.52804443359375 0.02485633850097657 0.05459181043836803
22.0 0.5351050758361816 0.7888975355360244 0.01788303375244138 0.06056240505642363
22.0 0.9075354003906251 0.4776256985134548 0.018918457031250058 0.051874796549479185
23.0 0.7119309616088867 0.6979634263780382 0.02369636535644526 0.04122877332899311
22.0 0.8921698760986327 0.45885503133138017 0.025929565429687496 0.0507357109917535
22.0 0.8768214416503906 0.4610045878092448 0.01441085815429688 0.054472893608940975
