23.0 0.21067804336547852 0.6417004055447049 0.028439292907714853 0.03175760904947911
23.0 0.23224960327148436 0.7244341362847222 0.027186012268066412 0.04851006401909719
22.0 0.235555477142334 0.6841980319552952 0.018087043762207045 0.058122897677951424
22.0 0.7492960357666015 0.6643737453884548 0.018525085449218714 0.05867804633246532
22.0 0.7891401672363281 0.6341638861762153 0.017429656982421826 0.05685885959201398
22.0 0.7700724029541015 0.6513142564561631 0.01702117919921875 0.05874735514322926
22.0 0.7262779998779296 0.663038092719184 0.01738082885742187 0.05760437011718755
22.0 0.20531886100769042 0.5919921366373697 0.018160076141357423 0.06063975016276035
22.0 0.7076501083374023 0.6470884195963542 0.01809745788574213 0.058652886284722316
22.0 0.633319435119629 0.4378652954101563 0.020903701782226558 0.05507005479600696
23.0 0.3993878936767578 0.7153535630967882 0.035103530883789036 0.025891994900173576
23.0 0.5631514930725098 0.5002067226833767 0.02432697296142572 0.051305847167968766
22.0 0.58587495803833 0.43320149739583336 0.020682487487793 0.051617363823784734
23.0 0.4432542037963867 0.6930845811631945 0.032543869018554716 0.04000922309027777
22.0 0.6141819190979004 0.425537838406033 0.019489021301269505 0.04653723822699651
4.0 0.22611115455627442 0.39044152153862843 0.03918737411499024 0.07677788628472221
7.0 0.47737754821777345 0.3575880262586806 0.07933494567871091 0.05587551540798613
16.0 0.05079947590827942 0.4074955240885416 0.04774380445480347 0.13786268446180555
22.0 0.19251656532287598 0.6001873101128472 0.017961101531982437 0.057062445746527746
22.0 0.6952040481567383 0.5945979648166233 0.014539871215820344 0.05532135009765626
