13.0 0.6028011894226074 0.5032685852050781 0.023835182189941406 0.0435419040256077
7.0 0.5721087837219239 0.3513432990180122 0.06739536285400394 0.08475867377387153
23.0 0.6261507225036621 0.7270860120985243 0.028125495910644505 0.04874532063802084
23.0 0.585843620300293 0.5600368414984809 0.02731430053710937 0.05201195610894094
16.0 0.29024358749389645 0.5599661763509114 0.06000034332275389 0.11910207112630211
22.0 0.9530838012695313 0.49198888142903646 0.02486160278320304 0.060642191569010406
23.0 0.793643684387207 0.7208639526367188 0.034153518676757866 0.029934828016493054
22.0 0.9815206527709961 0.4364818996853299 0.015506973266601554 0.04490966796875001
23.0 0.9782064819335938 0.4607888454861111 0.023625488281249996 0.043770548502604145
23.0 0.6060741996765137 0.6459677463107638 0.027420997619628906 0.033238525390624996
22.0 0.6136704635620117 0.6414683363172744 0.017604827880859375 0.055912068684895844
16.0 0.4446725273132324 0.41078591240776907 0.04664134979248047 0.13680775960286456
23.0 0.2621733474731445 0.5375679863823785 0.02711898803710941 0.042717352973090206
22.0 0.9931241226196289 0.44165486653645836 0.013751754760742196 0.04315260145399308
