22.0 0.7872844314575196 0.913784925672743 0.021300125122070246 0.0578879123263889
22.0 0.8120062637329102 0.9027894083658854 0.022382125854492174 0.060373738606770866
22.0 0.8401547241210938 0.863630845811632 0.022200012207031272 0.05877034505208334
22.0 0.8880861663818359 0.8118731689453125 0.0184478759765625 0.05244371202256948
22.0 0.8687970352172851 0.8233584594726562 0.018108139038085946 0.05324130588107645
23.0 0.6943000411987305 0.8492816501193576 0.02337120056152342 0.04081848144531253
23.0 0.6719575500488282 0.7690204535590277 0.028008880615234433 0.029051784939236103
23.0 0.6427059173583984 0.698472391764323 0.02697387695312492 0.04265102810329868
16.0 0.5131040382385255 0.5364998711480035 0.046921195983886776 0.13720628526475687
22.0 0.909389419555664 0.8145408121744792 0.01954833984375004 0.05535644531249995
22.0 0.7094071197509766 0.8571864488389758 0.01590911865234379 0.05535352918836811
22.0 0.6933624649047851 0.8028776380750868 0.015199661254882812 0.054979315863715295
7.0 0.43227672576904297 0.4020929463704427 0.061619338989257866 0.07505062527126732
23.0 0.4535781478881836 0.5411724344889324 0.02500663757324223 0.053670620388454826
23.0 0.6548102188110352 0.7326737467447917 0.017514114379882817 0.05700371636284718
22.0 0.677685775756836 0.7548994954427083 0.01619461059570315 0.050445556640625
