22.0 0.22282979011535645 0.915954827202691 0.02081026077270509 0.05595804850260411
23.0 0.15154037952423094 0.8550203111436632 0.022334737777709973 0.05218919542100697
22.0 0.18492334365844726 0.8489919704861111 0.020352897644042967 0.05529541015625006
22.0 0.30279203414916994 0.9497476874457464 0.017814292907714857 0.05311028374565974
22.0 0.3223150825500488 0.9647434488932292 0.01777370452880861 0.054229736328125
22.0 0.20726171493530274 0.8448963419596354 0.021489105224609395 0.05190504286024311
16.0 0.7702352142333984 0.8599020046657986 0.07392486572265622 0.07392469618055553
22.0 0.34080291748046876 0.97936767578125 0.01930671691894531 0.03868028428819448
6.0 0.43405742645263673 0.4668707444932726 0.052692413330078125 0.09459991455078126
8.0 0.6214319419860841 0.9764741685655383 0.04010211944580078 0.047051662868923594
23.0 0.7222574615478515 0.944255642361111 0.02365798950195308 0.048297932942708344
14.0 0.7965756607055665 0.8789486355251737 0.03915489196777344 0.058147650824652786
13.0 0.6494205856323242 0.9872552151150173 0.02075218200683593 0.025489569769965303
