16.0 0.6194144439697266 0.8147036743164062 0.060394287109375 0.14131625705295137
16.0 0.9426648330688476 0.8189924791124132 0.0768831634521484 0.07793992784288195
23.0 0.6616689682006835 0.7117902628580729 0.024543380737304665 0.05482604980468753
16.0 0.7597789001464844 0.7092709011501737 0.056524505615234366 0.12078884548611113
20.0 0.8144625854492187 0.8694620090060763 0.08424835205078118 0.1745595974392361
22.0 0.24270949363708497 0.7201799858940972 0.01979406356811525 0.05417209201388895
22.0 0.2626242828369141 0.7360907660590278 0.01786518096923828 0.05369330512152781
6.0 0.4290631866455078 0.09170405069986978 0.05556678771972656 0.0975313991970486
23.0 0.3307312488555908 0.9366325208875868 0.02751302719116211 0.051724378797743165
13.0 0.61120849609375 0.5951563517252605 0.022707519531249942 0.04423862033420145
23.0 0.4973011589050293 0.9275454372829861 0.03490177154541019 0.026593424479166572
13.0 0.11362848758697511 0.46742762247721353 0.025845155715942383 0.047809549967447906
23.0 0.5413186836242676 0.9056907484266493 0.032538948059082085 0.03834262424045143
23.0 0.3101658344268799 0.8544398668077258 0.029017772674560516 0.03927497016059023
13.0 0.5641383743286132 0.5934734090169271 0.01696250915527342 0.03534417046440963
23.0 0.08927728176116943 0.6257814534505208 0.021516866683959968 0.05166693793402777
22.0 0.2785018825531006 0.7525092230902778 0.01698110580444334 0.04517035590277785
23.0 0.2164748191833496 0.7153681098090279 0.026028594970703117 0.05428453233506947
23.0 0.2817554950714111 0.7827757432725695 0.028508434295654306 0.0407724338107639
13.0 0.5820371627807617 0.5933018324110243 0.02159484863281247 0.03932312011718753
22.0 0.22248469352722167 0.7054161241319444 0.014820308685302735 0.050681016710069526
5.0 0.537716999053955 0.5937591383192274 0.04534969329833982 0.07090701633029517
22.0 0.1224089479446411 0.6187936740451389 0.01905287742614746 0.05854044596354169
23.0 0.6886343002319336 0.6623041110568576 0.03475898742675776 0.05889017740885416
23.0 0.112015061378479 0.634311760796441 0.03315135002136231 0.039675632052951326
20.0 0.9434616470336914 0.8167145453559028 0.07322502136230469 0.08204481336805547
23.0 0.1052357053756714 0.6057103474934895 0.023238725662231438 0.030377536349826317
