16.0 0.7794187545776368 0.7322040134006076 0.08933708190917977 0.09089972601996521
13.0 0.8335316467285157 0.275481694539388 0.021846008300781206 0.04208809746636283
23.0 0.538274097442627 0.6288580661349826 0.028203620910644545 0.0423431396484375
13.0 0.3505428886413574 0.1690272945827908 0.024196815490722667 0.0447305467393663
23.0 0.5883718299865722 0.7812950642903647 0.026788978576660183 0.048217298719617996
22.0 0.4408404541015625 0.5246015930175781 0.018558349609375024 0.05392432318793405
23.0 0.5680860328674316 0.6996702067057292 0.02792255401611321 0.03718451605902773
22.0 0.5158844757080079 0.5774682617187501 0.020928802490234433 0.0567617458767361
22.0 0.4988076210021973 0.5637766350640191 0.020493659973144562 0.051088494194878376
22.0 0.45975379943847655 0.537427012125651 0.019285202026367188 0.05367435031467016
22.0 0.3358094215393066 0.47416559855143225 0.020878257751464846 0.05646962483723955
22.0 0.4821916198730469 0.5529471503363715 0.01592514038085935 0.04888746473524308
23.0 0.36800533294677734 0.48121117485894094 0.03040710449218753 0.035344441731770815
23.0 0.5510001564025879 0.6593262057834202 0.015152397155761776 0.05109056260850697
