3.0 0.17578203201293946 0.2144653065999349 0.07403259277343749 0.09388334486219618
23.0 0.8747746658325195 0.8009023369683159 0.026270217895507764 0.04381449381510416
22.0 0.5938495063781739 0.540208485921224 0.023200569152831974 0.05912228054470492
23.0 0.8248336410522461 0.6493455335828993 0.028477554321289067 0.044643351236979156
22.0 0.701817626953125 0.5505917188856337 0.019544067382812447 0.0512022230360244
22.0 0.7251767349243163 0.5437178548177084 0.019289627075195326 0.05146375868055564
23.0 0.6329540252685547 0.49077762179904516 0.021448669433593803 0.0516929117838541
22.0 0.7661628723144531 0.5661508348253038 0.013575439453124893 0.0413387383355035
22.0 0.7457000350952148 0.5548065524631076 0.017983322143554692 0.03939093695746532
23.0 0.6544325637817383 0.502166019015842 0.02939765930175786 0.03453426784939234
23.0 0.7608570861816406 0.5822325642903645 0.02049468994140624 0.041704305013020915
23.0 0.8544855117797852 0.7199468315972222 0.02833641052246083 0.0324578179253473
14.0 0.9907943725585937 0.8341330973307292 0.018411254882812478 0.0797886827256944
23.0 0.7857952117919922 0.6022731187608507 0.014465637207031312 0.019499715169270848
