6.0 0.42901828765869143 0.13675824483235677 0.05194976806640622 0.09895685831705729
16.0 0.455673770904541 0.6408816189236111 0.0675446701049805 0.11137871636284713
23.0 0.0580247688293457 0.8866412353515625 0.022274084091186516 0.052552761501736156
13.0 0.21296676635742187 0.2700209723578559 0.03077091217041017 0.04552785237630205
23.0 0.39467878341674806 0.606494615342882 0.025040626525878906 0.05838935004340273
21.0 0.19362158298492432 0.6066048007541233 0.07082064628601073 0.15170169406467005
22.0 0.9927444839477539 0.7668696763780383 0.014511032104492227 0.05817837185329855
16.0 0.3313799095153809 0.5444055514865451 0.04488651275634764 0.1350308566623264
21.0 0.6642063522338868 0.787385491265191 0.05185752868652338 0.06815734863281242
22.0 0.49540103912353517 0.7640363905164931 0.01650962829589836 0.05789862738715279
