21.0 0.10788430213928223 0.911925048828125 0.07274337768554687 0.15435736762152774
13.0 0.3854089546203613 0.3204672580295139 0.024450569152832002 0.04237630208333337
16.0 0.3709687805175781 0.944949205186632 0.07853752136230469 0.11010158962673611
13.0 0.3176659870147705 0.2750044335259332 0.026540203094482462 0.04638843112521701
22.0 0.8512721633911133 0.9088502671983507 0.016070022583007826 0.05680291069878474
22.0 0.8363474273681641 0.8749899631076389 0.016741638183593754 0.05625501844618053
7.0 0.4140470314025879 0.14147186279296875 0.06669658660888672 0.08017706976996529
22.0 0.8637589645385743 0.9508366563585069 0.01594093322753909 0.05293470594618055
23.0 0.22525293350219727 0.8136896769205729 0.027388648986816394 0.049766913519965206
6.0 0.4138755798339844 0.14139720069037542 0.06672859191894531 0.08020140753851998
