21.0 0.1711772108078003 0.7811625501844618 0.07252617835998537 0.1492382134331598
21.0 0.6536501312255859 0.9634747992621528 0.06815795898437504 0.07305040147569442
13.0 0.4157447052001953 0.11516940222846138 0.024953460693359353 0.04366011725531685
22.0 0.881982650756836 0.7154158528645833 0.01666366577148437 0.05291748046875
22.0 0.8979783248901367 0.7385309516059028 0.01657814025878901 0.05629082573784716
23.0 0.3677076530456543 0.8192999606662326 0.01545345306396484 0.04400126139322913
16.0 0.39894573211669926 0.8372969563802084 0.06072219848632815 0.05429755316840279
22.0 0.9262898254394532 0.8123532104492188 0.01821502685546872 0.05979607476128479
22.0 0.9125518035888671 0.771421881781684 0.015590515136718719 0.05582756890190965
23.0 0.2742471981048584 0.7433636135525173 0.03130025863647462 0.036854587131076366
23.0 0.289232702255249 0.6844756062825521 0.029649868011474567 0.05202521430121532
