13.0 0.9841656112670898 0.21237896389431424 0.02364555358886722 0.04279049343532987
21.0 0.6868524169921875 0.5245725674099392 0.07429885864257812 0.15294511583116316
13.0 0.9450432968139648 0.20895530700683593 0.02176719665527349 0.04117935180664062
13.0 0.813930778503418 0.20333717346191404 0.02364326477050782 0.04129124959309896
23.0 0.5481265449523925 0.8070476277669272 0.022770195007324245 0.05367072211371526
16.0 0.7530892181396485 0.46607109917534717 0.06285934448242192 0.16641065809461802
23.0 0.8023945999145508 0.42526570638020833 0.027257919311523438 0.05539171006944443
6.0 0.5614207077026367 0.11009982215033637 0.04841316223144532 0.055850499471028645
22.0 0.9858946228027343 0.6828523423936632 0.014972686767578125 0.05897888183593747
16.0 0.9087910079956054 0.5672658454047309 0.06926567077636714 0.101412590874566
23.0 0.7908889007568359 0.5249098544650608 0.02389663696289057 0.027569478352864607
