16.0 0.5252238273620606 0.7650468614366319 0.07061473846435551 0.09871568467881942
16.0 0.7833069229125977 0.9137676323784722 0.0687223052978515 0.09514024522569442
22.0 0.9133417892456055 0.781976826985677 0.023931198120117236 0.05805630154079866
13.0 0.593144416809082 0.3255681864420573 0.02236854553222667 0.040872226291232605
22.0 0.9384936904907226 0.7149730767144098 0.02294868469238287 0.0593862575954861
13.0 0.5448838615417481 0.3182887776692709 0.0238254928588868 0.039660983615451395
22.0 0.8861628723144531 0.9237241956922743 0.017858734130859366 0.053578219943576366
21.0 0.5612700843811035 0.7461681111653646 0.07007434844970706 0.10059251573350692
21.0 0.30099690437316895 0.719771728515625 0.07111425399780269 0.15192518446180547
22.0 0.861771354675293 0.9613934665256076 0.020629196166992214 0.055717841254340206
23.0 0.4199275207519531 0.6228199259440104 0.028956298828125004 0.05258741590711813
23.0 0.40820556640625 0.7209330579969617 0.022523193359375027 0.02826436360677087
