16.0 0.21268238067626954 0.5697106085883247 0.07079799652099608 0.10163876003689243
22.0 0.5892658233642578 0.6188571166992187 0.01997322082519526 0.06132141113281253
21.0 0.24941679000854494 0.554877675374349 0.07038375854492188 0.1030783081054687
22.0 0.5234550666809082 0.7325295003255208 0.019730567932128906 0.05941311306423602
22.0 0.7825461578369141 0.6826002332899306 0.016821136474609366 0.053955078125
22.0 0.8991838073730469 0.6475109524197049 0.02011840820312505 0.056203002929687496
22.0 0.8571588134765624 0.6601441107855903 0.017362976074218772 0.05597507052951389
22.0 0.5408288955688476 0.766526590983073 0.020199356079101505 0.06127665201822918
22.0 0.5640969276428223 0.7374324205186632 0.018686027526855442 0.05578782823350692
22.0 0.8037419891357422 0.6900084771050348 0.018383026123046875 0.05510552300347216
22.0 0.878544807434082 0.6506851196289063 0.017801589965820375 0.05248596191406252
22.0 0.8330475616455078 0.6808527289496529 0.01794326782226563 0.0574026150173611
16.0 0.47141538619995116 0.7197034030490452 0.07006549835205078 0.10144890679253471
7.0 0.43312978744506836 0.4170166524251302 0.04292331695556639 0.10895321316189238
22.0 0.2898187923431397 0.6832052273220486 0.015032978057861357 0.05919609917534718
20.0 0.012027066093869507 0.5007442898220487 0.023997558867558836 0.12357618543836801
23.0 0.09500372886657715 0.5279293823242187 0.023613319396972657 0.028502197265624973
23.0 0.10666420459747314 0.42799401177300345 0.028752622604370115 0.055009629991319475
