16.0 0.14165326595306396 0.5497656928168403 0.0702871036529541 0.09906344943576384
23.0 0.45052806854248045 0.6934434000651042 0.02536117553710937 0.04353068033854168
22.0 0.7104127120971679 0.6626395331488715 0.019277267456054736 0.05687940809461811
22.0 0.7791482925415039 0.6394105699327257 0.021198348999023398 0.05305223253038194
22.0 0.802646484375 0.6304798041449653 0.023707580566406206 0.05448703342013883
22.0 0.7306268692016602 0.6696588134765624 0.021764907836914094 0.058548448350694504
22.0 0.4869410514831543 0.7415851169162326 0.019519538879394505 0.053630032009548634
22.0 0.6935004043579102 0.6208592393663195 0.01718452453613284 0.05688517252604164
22.0 0.7557083892822266 0.6600061713324653 0.0222015380859375 0.05755615234375
22.0 0.466461238861084 0.7454124281141493 0.020704383850097652 0.06237691243489585
21.0 0.1780533742904663 0.5348471917046441 0.07223504066467284 0.10238501654730903
16.0 0.3994923973083496 0.6991676500108508 0.07097705841064456 0.10121181911892363
22.0 0.21874451637268066 0.6630898030598957 0.014461040496826172 0.05992390950520832
