16.0 0.3182016658782959 0.5465897962782118 0.06944032669067379 0.09725972493489587
22.0 0.9048371887207032 0.6679796346028646 0.020057525634765594 0.05667989095052084
22.0 0.9286022186279297 0.6606457180447048 0.02021713256835933 0.0567030843098959
22.0 0.884370994567871 0.6601947360568576 0.02009605407714843 0.05639478895399308
22.0 0.8685194778442382 0.6144604153103299 0.016304397583007835 0.057111748589409816
22.0 0.8546326446533203 0.5578988647460937 0.016789855957031197 0.056456773546006866
22.0 0.9534110260009765 0.6395674981011285 0.021195068359375013 0.05501458062065967
16.0 0.5765237045288085 0.695541246202257 0.07036552429199217 0.10099378797743064
21.0 0.09549886703491212 0.502854715983073 0.07249116897583008 0.15170335557725695
21.0 0.3554920387268067 0.5314862738715278 0.07067134857177731 0.10213433159722218
16.0 0.17447426795959473 0.47401913113064237 0.03857236862182617 0.09969367133246532
23.0 0.2102562999725342 0.4049921671549479 0.025103435516357436 0.05216362847222222
23.0 0.6403068733215332 0.7534676106770833 0.031376152038574245 0.03439385308159726
22.0 0.6251505470275879 0.6864479573567708 0.021157951354980442 0.051484374999999916
23.0 0.19978766441345214 0.5025390624999999 0.02520853042602539 0.029807671440972183
21.0 0.0130179248098284 0.7365771145290798 0.025938766431063413 0.07262457953559032
23.0 0.6262241172790528 0.7030801730685764 0.028270759582519456 0.04445638020833331
21.0 0.5205943870544434 0.43289837307400175 0.07289569854736327 0.09294660780164932
23.0 0.22181282997131346 0.4192776828342014 0.012371540069580078 0.02588168674045138
