16.0 0.325793342590332 0.5465589057074653 0.07001564025878909 0.09728976779513887
22.0 0.8917305374145508 0.6550593058268229 0.019388198852539062 0.05364508734809026
22.0 0.9098976516723633 0.6648626030815972 0.020817031860351554 0.0548490397135416
22.0 0.8457397842407226 0.5030247497558593 0.017079238891601567 0.0539302232530382
22.0 0.9340674209594726 0.660916510687934 0.022347335815429692 0.05711771647135422
22.0 0.861305160522461 0.550445793999566 0.0165989685058594 0.05611307779947916
21.0 0.36421321868896483 0.5306752692328559 0.06866668701171874 0.10258582221137158
13.0 0.6391203689575196 0.6029858059353299 0.023554916381835933 0.04134216308593752
16.0 0.5829713058471679 0.6948783365885417 0.06841331481933599 0.10243394639756942
23.0 0.6473378372192382 0.7573435804578993 0.03420158386230476 0.026622517903645893
20.0 0.10234252691268922 0.49962222629123265 0.07161789417266846 0.15460388183593748
22.0 0.8753752136230468 0.6064090983072916 0.01607482910156255 0.05594265407986121
7.0 0.5170715713500976 0.1657436243693034 0.07554313659667966 0.05627343919542102
22.0 0.6286569213867188 0.6856199137369792 0.02038230895996096 0.05939154730902785
23.0 0.6341404151916504 0.7025795491536458 0.030452995300292995 0.04215833875868058
22.0 0.4030007553100586 0.658736334906684 0.015729064941406246 0.06192253960503469
23.0 0.22003583908081054 0.40441918267144095 0.027866783142089846 0.05333068847656247
15.0 0.016674854755401612 0.7414729817708334 0.033349709510803224 0.057299940321180576
