16.0 0.17909622192382812 0.5533563401963976 0.06925209045410158 0.09771291097005208
22.0 0.6814418411254883 0.4679148864746093 0.022083816528320255 0.05862911648220487
21.0 0.21623236656188966 0.5374048699273004 0.07061319351196285 0.10157521565755212
22.0 0.7434571075439453 0.6609682210286458 0.0192591857910156 0.057500678168402874
22.0 0.7631182098388671 0.6731790161132812 0.021152496337890625 0.06082390679253469
23.0 0.5005572700500488 0.7640419514973958 0.03325107574462888 0.025916748046874938
22.0 0.7141824340820313 0.5539751858181423 0.01779830932617188 0.05971320258246526
22.0 0.7281978607177735 0.6101442125108507 0.017603302001953147 0.059886135525173634
22.0 0.6990171813964844 0.5058643256293403 0.01748519897460943 0.061093275282118054
22.0 0.256093807220459 0.6655496215820312 0.014239845275878876 0.06129699707031255
16.0 0.4360755157470703 0.7056910196940105 0.0671221160888672 0.09355841742621529
23.0 0.48685726165771487 0.7098119778103298 0.03240722656250006 0.04432651095920137
23.0 0.0722187066078186 0.40862559000651044 0.025981974601745603 0.05652269151475692
16.0 0.027578379595652222 0.44977678087022566 0.05496815307065844 0.16613722059461805
