16.0 0.07156099677085875 0.6747189331054688 0.07066542863845825 0.09811598036024305
6.0 0.4048675727844238 0.036989606221516924 0.044123268127441384 0.07397921244303385
22.0 0.554433307647705 0.5614112854003906 0.023242607116699232 0.054383646647135464
22.0 0.5898002815246582 0.6216184488932291 0.019696922302246067 0.06062269422743061
22.0 0.6185500144958496 0.726036885579427 0.017597465515136634 0.05885871039496526
21.0 0.10603806018829345 0.660250481499566 0.07373730659484862 0.10306796603732638
22.0 0.6041415023803711 0.6738276502821181 0.01858413696289063 0.06007120768229168
23.0 0.3927632713317871 0.8856922743055555 0.03328159332275393 0.026985270182291687
22.0 0.6331426048278808 0.7784014214409722 0.01854572296142576 0.05952189127604168
22.0 0.5735052680969238 0.5855462816026475 0.01829555511474612 0.05817840576171873
23.0 0.38144712448120116 0.8313678656684027 0.026010856628417955 0.04065619574652779
23.0 0.3761260032653808 0.8318878512912327 0.03580387115478517 0.03978088378906253
