16.0 0.3684812545776367 0.7057255045572917 0.06976799011230467 0.09759399414062497
22.0 0.7676319122314452 0.6882296074761285 0.02168930053710938 0.05756028917100697
6.0 0.5655413246154786 0.22610273573133682 0.04603031158447257 0.10682061089409725
22.0 0.7399162673950195 0.7678883870442709 0.02119102478027346 0.06043253580729169
23.0 0.8241371154785156 0.5965173000759548 0.030796356201171937 0.03652079264322916
23.0 0.2620450305938721 0.5632480197482639 0.026655025482177713 0.054637722439236036
23.0 0.8621446990966797 0.6242491658528646 0.0283050537109375 0.036058010525173656
23.0 0.6901598739624024 0.9158039008246528 0.03233131408691403 0.02608235677083326
16.0 0.6257995605468749 0.8547674560546875 0.06787475585937497 0.0938277180989584
23.0 0.6776682281494141 0.8632693481445313 0.025886688232421795 0.03696648491753474
21.0 0.1437250232696533 0.661199713812934 0.07066202163696288 0.151112806532118
21.0 0.39990552902221677 0.6955382283528646 0.08101680755615231 0.10488911946614587
16.0 0.22527252197265624 0.6290148586697049 0.038998870849609374 0.10605272081163197
23.0 0.6594586944580079 0.8549908786349827 0.016740570068359273 0.03546624077690963
