16.0 0.18485982418060304 0.5699237569173177 0.0693727970123291 0.09932430691189242
22.0 0.5237718009948731 0.7664688449435764 0.020004463195800848 0.05940077039930558
23.0 0.5066038513183594 0.7817908393012153 0.03436088562011719 0.025846896701388955
23.0 0.5550185585021973 0.616680433485243 0.01798900604248055 0.05877251519097215
23.0 0.07920933246612549 0.4272613525390625 0.026095285415649414 0.05413940429687503
22.0 0.26261009216308595 0.6827126057942708 0.015552940368652346 0.05756971571180558
22.0 0.658161964416504 0.4511796230740017 0.024629898071289014 0.05073109944661458
23.0 0.6423168182373047 0.46352556016710067 0.031482696533203125 0.0332794189453125
23.0 0.48745903015136716 0.7232774861653646 0.03911277770996091 0.04160366482204858
23.0 0.6790053939819336 0.48716857910156247 0.03168800354003909 0.04386393229166663
