16.0 0.4040624046325684 0.5793201870388456 0.06928760528564454 0.0980186971028646
21.0 0.17996314525604248 0.5350101216634114 0.07098675727844239 0.15211313883463545
23.0 0.8988945770263672 0.49958704630533857 0.028978118896484384 0.03342885335286461
22.0 0.8514688873291015 0.4656743706597222 0.02423385620117191 0.05396355523003471
23.0 0.2983390998840332 0.437041507297092 0.025182723999023438 0.05289737277560769
22.0 0.7866230010986328 0.6331506008572049 0.01764892578124999 0.06192932128906259
23.0 0.7221119689941407 0.7924213663736979 0.026532745361328103 0.022192586263020897
16.0 0.6612708091735839 0.7287879774305556 0.0699141311645507 0.09829427083333342
21.0 0.4237131309509278 0.5696187167697482 0.10504741668701173 0.10977962917751738
23.0 0.7112655639648438 0.7368529934353298 0.02602386474609375 0.03321282280815974
