16.0 0.30564097404479984 0.5584028795030382 0.0699926948547363 0.09881191677517365
21.0 0.08227282762527466 0.5137533738878037 0.07205653667449952 0.15024091932508676
23.0 0.6275028991699219 0.768781500922309 0.03181961059570315 0.025739135742187447
7.0 0.5306809234619141 0.2264033677842882 0.07177001953124995 0.06912777370876735
23.0 0.8004335784912109 0.47889273749457467 0.029076995849609433 0.03985741509331597
21.0 0.33980886459350584 0.546548343234592 0.07584476470947266 0.10140363905164929
16.0 0.5624305152893067 0.708173590766059 0.06944248199462888 0.09874789767795145
21.0 0.006609466671943664 0.7475981987847222 0.013218933343887329 0.07813205295138892
23.0 0.19976383209228515 0.4147052510579427 0.025236778259277337 0.05177839491102432
22.0 0.756555404663086 0.4509331766764323 0.01960098266601562 0.05570960150824655
23.0 0.6166125679016112 0.7153201633029513 0.022457695007324197 0.03821139865451395
22.0 0.6088225364685058 0.7316114637586806 0.016957969665527428 0.07185194227430558
