16.0 0.20108457565307616 0.572452612982856 0.06871223449707031 0.0977594333224826
22.0 0.6345002365112304 0.4785088433159722 0.02246147155761724 0.05762641059027773
23.0 0.5225705337524414 0.7832135348849827 0.0330326843261719 0.02640645345052084
23.0 0.6954644393920899 0.4919768948025174 0.030750961303711022 0.03916327582465279
21.0 0.23550204277038575 0.5601048448350694 0.07537374496459964 0.0994657389322916
23.0 0.5142145729064942 0.7341555447048611 0.018873710632324125 0.0260108778211805
23.0 0.5833325958251954 0.6241472710503473 0.01762443542480463 0.06277547200520839
20.0 0.038400628566741944 0.4607956780327691 0.07680125713348389 0.15818376329210065
23.0 0.657260627746582 0.4651079813639323 0.027768020629882817 0.029950324164496556
23.0 0.09624338150024414 0.42537828233506947 0.02716142654418946 0.05250271267361112
