16.0 0.3984095001220703 0.5505826314290365 0.06960708618164063 0.10002519395616327
23.0 0.7201058578491211 0.7624838595920139 0.03270256042480468 0.02349907769097226
21.0 0.43189624786376957 0.5390635342068142 0.07831008911132814 0.10581498887803814
8.0 0.7999300003051757 0.3307401190863715 0.04596626281738281 0.08021158854166666
22.0 0.8392187499999999 0.4550149705674913 0.017035827636718737 0.06300533718532986
7.0 0.5566274833679199 0.5429447258843316 0.06244876861572268 0.08267188178168405
23.0 0.8928973770141602 0.4704561360677083 0.030513229370117134 0.03886210123697914
21.0 0.1742018938064575 0.5064951409233941 0.07183775901794434 0.1483815171983507
23.0 0.855136489868164 0.44414108276367187 0.0274200439453125 0.031915113661024286
20.0 0.1735069751739502 0.5058229234483507 0.07091348648071288 0.14983947753906252
23.0 0.7104914474487305 0.7071335517035591 0.020338058471679688 0.03898064507378474
