22.0 0.8816626358032227 0.5003645155164931 0.017948684692382866 0.05323621961805558
23.0 0.07973791122436523 0.7672905137803819 0.032185878753662106 0.027315131293402795
22.0 0.9792763900756836 0.5778770955403646 0.022200698852539058 0.059357028537326384
22.0 0.9380443954467774 0.5698563130696614 0.02019294738769528 0.0573658243815105
23.0 0.25232879638671873 0.473639899359809 0.030994415283203097 0.04120998806423609
22.0 0.9002584838867187 0.5342176988389757 0.016658782958984375 0.053957994249131946
16.0 0.024472076296806335 0.7080608452690973 0.048705793619155884 0.10412190755208328
22.0 0.19975130081176756 0.45816162109375 0.01831504821777344 0.061069064670138895
22.0 0.919094352722168 0.5565336269802517 0.017506179809570366 0.04766069200303813
22.0 0.14066426753997802 0.607856207953559 0.017252988815307596 0.06326721191406248
23.0 0.21447972297668455 0.44582777235243054 0.025467052459716782 0.030222574869791685
