22.0 0.9465759658813476 0.8362218221028646 0.018070449829101554 0.05304029676649302
6.0 0.3229229164123535 0.3200957234700521 0.05014263153076176 0.10130432128906247
22.0 0.9252992248535157 0.8401450602213542 0.015540771484375049 0.05623372395833326
22.0 0.8893196868896485 0.8034962293836805 0.01777023315429682 0.050796305338541736
22.0 0.8729603576660157 0.7706078423394097 0.016467742919921924 0.052536214192708375
22.0 0.9083001327514648 0.8239172024197048 0.015679397583007848 0.04956251356336805
16.0 0.982684326171875 0.8673983425564236 0.03463134765624998 0.07730563693576398
23.0 0.24254853248596192 0.7448681979709202 0.02996839523315431 0.0383582221137152
23.0 0.06443082809448242 0.9864017401801215 0.016233177185058588 0.02328348795572921
16.0 0.019359117746353148 0.9665811157226563 0.038718235492706296 0.06683776855468748
22.0 0.1907660961151123 0.7287231784396702 0.018435077667236344 0.05754699707031252
22.0 0.8551948928833009 0.7352844577365452 0.015427474975585942 0.05588548448350694
23.0 0.05978188753128051 0.9854358249240451 0.020997262001037596 0.024043986002604267
