22.0 0.9781871414184571 0.6705008273654514 0.01775520324707036 0.05663940429687497
23.0 0.18464112281799316 0.9254878404405382 0.019257068634033203 0.028560587565104156
22.0 0.9590819168090821 0.6471741400824653 0.017187881469726607 0.048155517578125084
6.0 0.5540466499328613 0.08938144259982639 0.049215507507324174 0.09708597819010417
22.0 0.9933518600463866 0.7028521389431424 0.013296279907226594 0.06065029568142366
23.0 0.3660782432556152 0.6839324612087674 0.03040554046630861 0.039238620334201446
23.0 0.19407235145568846 0.9741842990451388 0.03450273513793947 0.023237982855902728
23.0 0.1643129014968872 0.91227294921875 0.020941457748413106 0.03465223524305561
22.0 0.2541105079650879 0.8155394151475694 0.0159009552001953 0.062119276258680634
22.0 0.31294297218322753 0.667055901421441 0.01683057785034181 0.05987501356336811
