16.0 0.7797655487060546 0.5550786505805122 0.0629376220703125 0.13331505669487848
20.0 0.9095668792724609 0.6162415737575955 0.08646392822265625 0.1293446519639757
13.0 0.7508525848388672 0.481810065375434 0.02484344482421874 0.043278537326388866
13.0 0.8280599975585938 0.41179734971788196 0.021975097656249942 0.043782552083333315
22.0 0.8527834320068359 0.5198160129123264 0.0169499206542969 0.05755798339843743
23.0 0.24258360862731934 0.5366916910807291 0.030506916046142585 0.041408487955729156
23.0 0.0334577214717865 0.7655910915798612 0.027066843509674074 0.03605455186631945
23.0 0.06974194765090942 0.8292408243815104 0.03307601451873779 0.024345228407118058
22.0 0.8356111907958985 0.49937813652886287 0.022235565185546924 0.04692067464192712
23.0 0.0605427360534668 0.776214599609375 0.02198515892028808 0.03196818033854165
13.0 0.4802239990234375 0.5544809129503039 0.015485076904296902 0.02934885660807296
22.0 0.9783918762207031 0.64712646484375 0.015015869140625027 0.05431572808159724
22.0 0.9638678741455078 0.6348463609483508 0.01254379272460937 0.04201761881510413
22.0 0.19011987686157228 0.52223876953125 0.018697471618652345 0.058527289496527746
22.0 0.13075372219085693 0.6714935302734375 0.01774508476257325 0.061554904513888786
23.0 0.05741124153137207 0.7740410698784722 0.02587828636169434 0.03691677517361103
23.0 0.051703844070434574 0.7735033840603298 0.020117702484130855 0.04072937011718747
