16.0 0.6599931144714355 0.7244386121961806 0.09146091461181649 0.07715277777777785
20.0 0.8116051864624023 0.5938203599717882 0.09382850646972651 0.08694044325086803
22.0 0.7286961364746094 0.7332216389973958 0.02110763549804684 0.05652967664930564
13.0 0.7935310745239258 0.3456115214029948 0.025290756225585964 0.04368737114800347
22.0 0.9000163650512696 0.7156659274631076 0.018763198852539076 0.05612013075086808
22.0 0.1306345796585083 0.7756684027777778 0.016637048721313497 0.06427680121527779
22.0 0.8725543975830078 0.6655713907877604 0.020085754394531197 0.05547926161024308
23.0 0.24306096076965333 0.643096211751302 0.029942722320556642 0.03973219129774308
22.0 0.9881232070922852 0.7673683675130208 0.01843421936035161 0.04771647135416668
23.0 0.07010028839111329 0.9347713555230035 0.033255748748779304 0.025818617078993022
23.0 0.033374176621437074 0.872037116156684 0.028070601224899294 0.03676086425781255
13.0 0.7381735992431642 0.40427052815755204 0.02394210815429687 0.042277153862847194
16.0 0.9513800430297852 0.728358900282118 0.07144142150878907 0.07407416449652782
13.0 0.4521424293518066 0.44634390936957463 0.023543434143066422 0.04245140923394097
22.0 0.8531445693969727 0.6258495415581597 0.015108108520507812 0.053814832899305554
22.0 0.18979968070983888 0.6257821655273438 0.018605899810791 0.061953599717881946
23.0 0.05064133167266846 0.8822786797417534 0.016183052062988278 0.043274129231770875
