13.0 0.8277819442749024 0.17615726894802516 0.024260330200195357 0.04553587171766493
22.0 0.9582880783081055 0.4723365444607205 0.017559585571289116 0.05715193006727426
23.0 0.1751769208908081 0.782700670030382 0.0331775760650635 0.026369900173611183
16.0 0.733730583190918 0.5804674614800347 0.08855796813964845 0.07320841471354167
23.0 0.13897205829620363 0.7193952433268229 0.032500677108764656 0.037927042643229214
22.0 0.9348137283325195 0.44365351359049476 0.017671585083007812 0.04922170003255205
22.0 0.9852394866943359 0.5201468743218316 0.01697937011718753 0.036908942328559124
20.0 0.882790870666504 0.4736870659722222 0.0737755584716796 0.1273671468098958
23.0 0.1660152292251587 0.7338300238715278 0.019976987838745103 0.023897705078124942
23.0 0.3471891212463379 0.49052586873372395 0.031655311584472656 0.040378384060329786
22.0 0.935662727355957 0.44851752387152777 0.021889419555664036 0.04964362250434029
22.0 0.1559397506713867 0.7468116251627603 0.015986557006835933 0.069122789171007
17.0 0.9902255630493164 0.5564761522081163 0.01954887390136717 0.06511966281467019
