16.0 0.6124280548095703 0.6905498250325521 0.08989593505859372 0.08412943522135408
20.0 0.772479248046875 0.5913456386990017 0.07032608032226562 0.15320621066623263
13.0 0.6902894973754883 0.18542964511447482 0.025651931762695312 0.04273527357313367
16.0 0.8778879928588867 0.6255259365505642 0.06168663024902343 0.11598303900824658
22.0 0.7352997970581054 0.7273370700412327 0.022653579711914062 0.05696133083767363
22.0 0.9372030258178711 0.6883074951171875 0.020738601684570312 0.05656168619791668
22.0 0.7650248336791992 0.6841311645507813 0.016864089965820228 0.049035441080729214
22.0 0.8263781356811524 0.5510541280110677 0.01811851501464845 0.05202301025390621
22.0 0.919930419921875 0.6867893812391493 0.014977874755859433 0.04987053765190974
23.0 0.03384892821311951 0.8240988498263889 0.027434322834014896 0.03525431315104166
23.0 0.06968052625656128 0.8873631117078993 0.03301710605621338 0.02629767523871529
22.0 0.18988715171813964 0.5785236612955729 0.019105167388916017 0.06133429633246534
23.0 0.8046889877319336 0.5949459838867188 0.02109580993652338 0.02305630154079863
22.0 0.13065752506256104 0.7283899264865452 0.016432218551635736 0.06352789984809026
23.0 0.24306429862976073 0.5942430962456597 0.030131015777587866 0.03986612955729163
22.0 0.9065569305419922 0.6799270290798611 0.010652770996093741 0.03918741861979169
23.0 0.06158210515975952 0.8343113538953992 0.017930302619934085 0.03445359971788198
22.0 0.050627703666687014 0.8518802897135417 0.016229228973388674 0.07104831271701384
