13.0 0.6125834274291992 0.8357764350043403 0.022881393432617192 0.040641140407986054
13.0 0.6380846977233887 0.8369508870442708 0.022130165100097687 0.038528917100694504
22.0 0.8308518218994141 0.9462641059027778 0.01752609252929682 0.047842881944444526
22.0 0.8463242340087891 0.9644678412543403 0.015150299072265616 0.04836303710937506
22.0 0.8609647750854492 0.9799575805664062 0.015988235473632706 0.03631327311197907
20.0 0.7785000228881835 0.9541332668728298 0.07202232360839844 0.08951680501302084
7.0 0.7455796051025391 0.31832443237304686 0.07092147827148443 0.08025821261935762
13.0 0.5561635017395019 0.833154805501302 0.01985904693603524 0.03819152832031247
13.0 0.5709406852722168 0.8344404432508681 0.016587257385253906 0.03572157118055552
3.0 0.21780049324035644 0.9639617580837674 0.06051511764526368 0.03066901312934034
3.0 0.21778671264648436 0.9723040771484375 0.060709266662597655 0.04733886718750002
3.0 0.24391955375671387 0.9831183878580729 0.029825344085693373 0.03376322428385414
