17.0 0.6070610046386719 0.7612664116753471 0.08819442749023443 0.08498589409722224
23.0 0.662834701538086 0.7742345852322048 0.027468566894531254 0.04655090332031253
16.0 0.7292590713500977 0.7849689059787326 0.06941673278808602 0.09285217285156244
13.0 0.6317571830749511 0.4157362365722656 0.02296390533447268 0.04224043104383679
21.0 0.7753730392456055 0.6583863321940104 0.07468955993652349 0.1528226047092014
13.0 0.668543815612793 0.4138612365722656 0.02307975769042958 0.04307193332248266
23.0 0.6313438415527344 0.8145168050130208 0.028885345458984357 0.03790622287326384
22.0 0.8707573699951172 0.6829179890950521 0.01557159423828125 0.050806410047743
22.0 0.8230612564086914 0.6119482760959201 0.01467948913574224 0.04309861924913194
23.0 0.24262850761413574 0.6634613376193577 0.029552516937255885 0.04073181152343752
23.0 0.03304412007331848 0.892452155219184 0.026132276058197023 0.0351114230685764
22.0 0.1314156484603882 0.796664293077257 0.01601338386535646 0.06183539496527768
23.0 0.06995647192001342 0.955199957953559 0.03434498310089111 0.02192376030815968
13.0 0.5684358024597168 0.41585844251844617 0.02079883575439445 0.04188391791449653
22.0 0.8409833908081055 0.6247424655490451 0.014131698608398358 0.039916653103298616
16.0 0.9238192749023437 0.7545130750868055 0.07322555541992193 0.07129245334201384
22.0 0.8839829254150391 0.7074134318033853 0.017269592285156232 0.04702616373697921
22.0 0.19029088020324708 0.6472539605034722 0.01766881942749024 0.058222249348958255
22.0 0.8564273071289064 0.6514618598090278 0.01344955444335938 0.04821099175347221
13.0 0.5516072273254395 0.41712582058376735 0.02233730316162108 0.03135158962673612
