17.0 0.7321102142333984 0.6220569186740451 0.08928588867187492 0.08197706434461804
13.0 0.7929995346069336 0.1800379604763455 0.025034255981445264 0.04149095323350693
13.0 0.7810897827148438 0.432090827094184 0.024811096191406312 0.04355753580729166
13.0 0.7504664993286132 0.18319029914008245 0.024461593627929656 0.041490224202473974
23.0 0.7869980621337891 0.6014125230577257 0.029686889648437464 0.04661234537760417
22.0 0.9539717102050782 0.4453085666232639 0.018648986816406254 0.05186387803819442
13.0 0.6669475173950195 0.1991427527533637 0.02285209655761722 0.04198128594292533
16.0 0.9871506118774414 0.5210675218370225 0.025698776245117183 0.10048322889539935
23.0 0.15778379917144775 0.7193482462565104 0.03050555229187013 0.03736077202690968
23.0 0.19430381774902344 0.782684088812934 0.0334588623046875 0.02581929524739579
22.0 0.2551714038848877 0.6236334906684028 0.016546039581298827 0.06331380208333326
22.0 0.9698548889160157 0.4631867133246528 0.017099609375000102 0.05261474609375005
23.0 0.366855354309082 0.4906955295138889 0.030742034912109417 0.04009935167100698
20.0 0.9028069305419921 0.46991414388020836 0.07393127441406244 0.12257697211371532
13.0 0.6285680389404297 0.21008766174316407 0.019677429199218777 0.03906346638997396
22.0 0.31469154357910156 0.4739591810438368 0.017680587768554634 0.05791436089409718
6.0 0.5733076477050781 0.18576001061333552 0.03306266784667966 0.12602439880371094
23.0 0.9336883163452148 0.41526334974500867 0.018580551147460933 0.02186947292751734
23.0 0.18576312065124512 0.7326338026258681 0.01834119796752931 0.023180745442708317
23.0 0.7963174819946288 0.5525642225477431 0.014060134887695308 0.022051391601562553
