17.0 0.607214584350586 0.6985758124457466 0.08679321289062503 0.08654398600260416
23.0 0.8977799987792969 0.6494357299804687 0.0231475830078125 0.055701565212673554
23.0 0.03383626997470856 0.7976037597656249 0.027938603162765505 0.03883626302083332
16.0 0.8563531875610352 0.5505417039659288 0.06414848327636724 0.11497087266710065
13.0 0.6528852844238282 0.3891250949435764 0.02359878540039062 0.0407113986545139
23.0 0.7665946197509765 0.6948131646050347 0.02501815795898432 0.039929334852430554
23.0 0.24268054008483886 0.5682181803385418 0.030238628387451172 0.041271158854166656
23.0 0.06939437150955201 0.8608625962999132 0.03278270244598389 0.024148830837673607
20.0 0.7741609191894532 0.5648871527777778 0.07461929321289062 0.15173000759548616
23.0 0.9899127197265625 0.7057304890950521 0.020174560546875053 0.03529018825954866
22.0 0.13112892150878905 0.7024948798285591 0.016897029876708977 0.06297546386718744
16.0 0.7183836364746093 0.6647818332248263 0.06205963134765624 0.11655219184027776
23.0 0.6752087783813476 0.6710215928819445 0.02159645080566408 0.03138007269965282
22.0 0.19007501602172852 0.5532575310601129 0.01852260589599608 0.058434889051649286
23.0 0.056807806491851805 0.8048646714952257 0.026717972755432126 0.03717820909288194
23.0 0.05217067241668701 0.804795633951823 0.02013972282409668 0.03912835015190963
21.0 0.718222885131836 0.6640067545572916 0.062384643554687536 0.1152364095052083
22.0 0.8256857299804687 0.513992173936632 0.010477752685546848 0.032413533528645844
23.0 0.661536636352539 0.6804999796549479 0.021741333007812558 0.03835890028211808
