22.0 0.6267646408081055 0.541975335015191 0.02406761169433591 0.05859544542100703
6.0 0.42170331954956053 0.043042530483669704 0.043022422790527315 0.08608506096733941
22.0 0.6937189865112305 0.551250254313151 0.022044601440429745 0.05778391520182291
22.0 0.3349712371826172 0.7747868177625868 0.020898818969726562 0.05843363444010419
16.0 0.07903191089630127 0.7223046875 0.07550507545471191 0.0929398600260416
22.0 0.37068424224853513 0.7817972479926215 0.021361846923828087 0.057827216254340286
22.0 0.3531568717956543 0.7809777492947049 0.019984169006347696 0.05488803439670131
22.0 0.6555741119384766 0.4996726481119792 0.02182510375976565 0.05341376410590276
22.0 0.6752413177490235 0.4921517774793837 0.018536682128906246 0.04955061170789932
20.0 0.9839678955078125 0.85477542453342 0.03206420898437501 0.0875082058376736
22.0 0.720273666381836 0.45972261216905386 0.0215911865234375 0.05447194417317708
