26 0.660333 0.468074 0.047763 0.154984
22 0.571479 0.525135 0.077367 0.153307
22 0.951446 0.857905 0.093515 0.117082
29 0.024176 0.732577 0.048351 0.092443
30 0.442587 0.827516 0.017451 0.051328
30 0.398574 0.848732 0.015655 0.050415
30 0.144181 0.644105 0.016810 0.051784
30 0.128462 0.630304 0.016681 0.051556
30 0.157975 0.663268 0.016425 0.050871
30 0.423147 0.818391 0.015013 0.051784
30 0.414100 0.818848 0.011035 0.055434
28 0.915732 0.838081 0.060244 0.064577
0 0.456962 0.559164 0.057051 0.107651
31 0.411150 0.832624 0.025893 0.044484
17 0.546350 0.215747 0.015569 0.027185
15 0.414698 0.735060 0.011044 0.035587
15 0.390452 0.712511 0.011907 0.035894
15 0.362497 0.727850 0.011562 0.034053
15 0.135484 0.592251 0.012425 0.035894
15 0.117710 0.559424 0.010699 0.032826
15 0.099418 0.535649 0.012080 0.036201
15 0.105630 0.486256 0.010354 0.031292
15 0.087597 0.453430 0.011217 0.033746
15 0.069564 0.429654 0.011044 0.034053
15 0.076172 0.380053 0.010907 0.033306
15 0.040114 0.322338 0.011420 0.032393
15 0.058079 0.346519 0.011164 0.031937
15 0.747538 0.371042 0.022456 0.055890
15 0.723734 0.506319 0.039009 0.013916
14 0.486536 0.680947 0.003978 0.010494
14 0.478709 0.669541 0.004235 0.011406
14 0.473512 0.660986 0.004363 0.010266
14 0.471138 0.654143 0.004491 0.011178
14 0.467674 0.642623 0.003978 0.010494
14 0.460616 0.628707 0.004235 0.010037
14 0.454072 0.620837 0.005004 0.011634
14 0.448362 0.605210 0.004619 0.011406
14 0.443742 0.599849 0.004619 0.010266