17 0.937707 0.499019 0.015270 0.051784
9 0.484443 0.732275 0.075660 0.078018
18 0.421735 0.789534 0.024252 0.046537
18 0.363350 0.799457 0.028872 0.033078
10 0.050754 0.778010 0.076275 0.049086
10 0.393698 0.768889 0.075965 0.059996
13 0.669910 0.758395 0.124244 0.095127
4 0.434246 0.502327 0.067753 0.033306
17 0.679978 0.780979 0.013345 0.052240
10 0.252644 0.778128 0.076673 0.047450
9 0.766208 0.705470 0.075195 0.082809
28 0.417116 0.542248 0.011934 0.022356
25 0.281162 0.544758 0.027717 0.024637
20 0.585535 0.104024 0.010266 0.030112