16 0.334222 0.681289 0.075323 0.128889
17 0.919550 0.707980 0.013858 0.051784
17 0.937129 0.740487 0.013345 0.052468
17 0.964333 0.784173 0.013858 0.049959
17 0.951313 0.756797 0.012199 0.036269
9 0.499689 0.706611 0.076222 0.075052
10 0.462477 0.745392 0.075452 0.042659
16 0.408839 0.693722 0.094443 0.082124
4 0.454521 0.127749 0.072885 0.044256
20 0.994231 0.621179 0.008982 0.029656
20 0.989484 0.525938 0.010266 0.030797
20 0.965809 0.519778 0.009624 0.028972
20 0.919229 0.561753 0.009881 0.028972
20 0.902162 0.547951 0.010137 0.030568
20 0.885930 0.517041 0.010266 0.033078
20 0.865463 0.475408 0.010650 0.032393
20 0.857379 0.415526 0.009624 0.030340
20 0.873547 0.446209 0.009367 0.029200
20 0.890934 0.461493 0.010009 0.031025
20 0.937450 0.418606 0.009111 0.027375
20 0.960868 0.423853 0.009752 0.028287
20 0.985955 0.408340 0.011164 0.032850
20 0.863089 0.362944 0.010266 0.032850
20 0.837040 0.372867 0.009752 0.029428
20 0.845574 0.347545 0.010650 0.032165
20 0.829149 0.315038 0.010137 0.030568
20 0.808810 0.275002 0.011549 0.033990