22.0 0.36781671524047854 0.5785835435655382 0.019980278015136743 0.054500393337673536
23.0 0.5061498260498047 0.6749131605360243 0.02636322021484372 0.047498440212673576
22.0 0.39059215545654297 0.5733087327745225 0.02238258361816403 0.05383650037977428
23.0 0.3563809394836426 0.6032152303059897 0.024831733703613246 0.0487548149956597
23.0 0.22118486404418947 0.8088410441080729 0.029949951171875017 0.04318406846788192
23.0 0.7649267578125 0.7950413004557292 0.02412918090820315 0.05529446072048616
23.0 0.4815203094482422 0.6802247111002604 0.029221115112304685 0.04834954155815974
23.0 0.46895149230957034 0.5951332600911459 0.024768905639648453 0.0445646158854166
23.0 0.4504714393615723 0.6025919935438369 0.027002830505371056 0.02904073079427083
21.0 0.06902208566665649 0.7465735541449653 0.09661935329437256 0.082763671875
22.0 0.614102897644043 0.8246498616536458 0.019230575561523522 0.059159071180555634
23.0 0.6534136581420898 0.841783684624566 0.024516525268554634 0.034973890516493134
23.0 0.6235787582397461 0.8574894205729167 0.03227043151855469 0.02105034722222232
21.0 0.02171273444313556 0.7568129136827257 0.04324903062544763 0.09917215983072925
21.0 0.1213748836517334 0.7859866333007812 0.07939229965209961 0.11000766330295142
