15 0.439507 0.519664 0.093160 0.099918
15 0.656596 0.701250 0.082069 0.144174
15 0.972854 0.469645 0.054024 0.121001
18 0.553134 0.623460 0.026049 0.042887
18 0.576424 0.619126 0.025664 0.042887
18 0.096318 0.711402 0.029642 0.027603
18 0.695055 0.800712 0.030668 0.017337
18 0.292454 0.752464 0.029000 0.038553
9 0.777564 0.783603 0.069677 0.085774
18 0.607413 0.645360 0.018093 0.052925
18 0.538506 0.537914 0.026819 0.041518
18 0.727584 0.786796 0.027717 0.035587
18 0.523942 0.545214 0.029513 0.025550
4 0.433220 0.304772 0.031567 0.122274
10 0.189542 0.753947 0.072372 0.079387
18 0.304452 0.707181 0.017836 0.053837
18 0.309584 0.707638 0.030925 0.017337
9 0.809965 0.753376 0.063903 0.102883
25 0.586690 0.503582 0.031567 0.027603
7 0.342370 0.209417 0.011549 0.043343