15 0.963996 0.643317 0.072007 0.081951
16 0.794952 0.576923 0.088027 0.123186
18 0.672535 0.751779 0.028487 0.038097
18 0.476720 0.711288 0.030027 0.028287
18 0.904472 0.545328 0.030155 0.026690
18 0.684982 0.705927 0.017195 0.053609
18 0.689987 0.707638 0.030797 0.018250
10 0.569960 0.753856 0.072275 0.079568
18 0.918908 0.536887 0.026690 0.041290
18 0.928660 0.614107 0.016168 0.025550
24 0.790204 0.016425 0.016681 0.029656
25 0.736117 0.350967 0.029128 0.024865
4 0.537928 0.302833 0.050558 0.130258