21.0 0.35359193801879885 0.7177196587456598 0.09750072479248045 0.08055230034722227
21.0 0.2680171489715576 0.764419420030382 0.09058576583862304 0.12741956922743058
23.0 0.6899879837036133 0.9252367485894097 0.024794082641601545 0.05463663736979163
16.0 0.9527174377441405 0.7787441677517362 0.0702644348144531 0.13154527452256948
6.0 0.5674576759338379 0.17638106452094182 0.06531482696533208 0.0676526387532552
16.0 0.7971033477783203 0.7957202826605903 0.05203979492187505 0.12571614583333335
21.0 0.4641512680053711 0.8182651774088542 0.07849761962890622 0.06310696072048616
23.0 0.14638671875 0.937699449327257 0.030120506286621107 0.043109944661458344
23.0 0.6002423286437988 0.9767257351345486 0.023821678161621063 0.04494900173611116
16.0 0.4870779228210449 0.8660486518012154 0.04587444305419924 0.09037204318576386
22.0 0.9938280868530274 0.8557427978515625 0.012007522583007857 0.056757405598958366
16.0 0.8467891311645508 0.6530990600585938 0.0602738189697265 0.11257697211371531
22.0 0.9892723846435547 0.8529146999782986 0.01252563476562496 0.049179823133680634
