16 0.308365 0.667488 0.093160 0.073912
16 0.760461 0.552718 0.097088 0.083355
16 0.674430 0.578058 0.087446 0.124087
9 0.631760 0.607441 0.031344 0.110273
9 0.672850 0.566117 0.074277 0.080071
9 0.910693 0.706944 0.052415 0.095289
9 0.879744 0.641038 0.060053 0.107230
18 0.564683 0.707523 0.018350 0.054521
18 0.569944 0.707980 0.031438 0.018478
18 0.356934 0.713227 0.029898 0.025778
8 0.326843 0.491947 0.021044 0.039922
8 0.309969 0.492518 0.019633 0.038781
25 0.544216 0.553769 0.031823 0.013003
25 0.603692 0.482822 0.023739 0.023040
25 0.825107 0.481910 0.018991 0.039009
4 0.470368 0.215690 0.052483 0.126608