28 0.418335 0.723378 0.076222 0.079387
30 0.221108 0.781892 0.013602 0.052696
25 0.651491 0.795579 0.123443 0.096496
0 0.459782 0.400014 0.051328 0.132083
13 0.483200 0.507574 0.013987 0.020531
29 0.319593 0.762501 0.076350 0.062734
31 0.512072 0.770143 0.021429 0.052468
31 0.603435 0.845994 0.030925 0.020303
31 0.621400 0.828999 0.027845 0.038781
14 0.573344 0.720412 0.006416 0.008669
14 0.578477 0.684483 0.006416 0.007984
14 0.577900 0.663382 0.006544 0.007300
14 0.575269 0.657679 0.006159 0.008212