26 0.540110 0.862761 0.087770 0.050643
28 0.900109 0.694749 0.072244 0.090565
30 0.851155 0.780751 0.016681 0.052696
4 0.748610 0.641048 0.022291 0.040561
30 0.612674 0.824551 0.016810 0.052696
30 0.757675 0.822954 0.016553 0.052240
30 0.820423 0.788735 0.016810 0.052240
30 0.788279 0.808468 0.016681 0.052925
31 0.649609 0.832193 0.030967 0.018250
30 0.992304 0.593576 0.015392 0.052925
30 0.963114 0.619582 0.016297 0.052468
31 0.869633 0.760904 0.030283 0.021672
31 0.799699 0.809609 0.027717 0.033306
31 0.975689 0.609887 0.026562 0.027603
31 0.822476 0.796720 0.027075 0.041290
29 0.699354 0.769117 0.076222 0.051328
0 0.613380 0.340816 0.050301 0.127293