16.0 0.4941337394714355 0.5786695861816407 0.0907803726196289 0.0885794745551215
16.0 0.7587018966674804 0.5797164916992188 0.05440834045410159 0.13609747992621524
22.0 0.5661269187927247 0.6346445041232638 0.024845466613769518 0.06354899088541666
22.0 0.9095843887329101 0.49900751749674477 0.022778549194335973 0.0608439466688368
22.0 0.9410961532592774 0.46755132039388025 0.022685470581054745 0.05918399386935763
22.0 0.8058784103393555 0.5827244906955296 0.020372390747070312 0.05881249321831594
22.0 0.9713048171997071 0.4220070563422309 0.023204574584960946 0.056043260362413194
13.0 0.8219524002075196 0.047609965006510414 0.024339981079101514 0.04160720825195312
23.0 0.6793083953857422 0.602189432779948 0.03522827148437502 0.027536553276909737
23.0 0.853649559020996 0.567452155219184 0.026318130493164005 0.04302157931857642
23.0 0.8994292068481445 0.5314611307779948 0.03233528137207031 0.025536939832899397
23.0 0.8315794754028321 0.5773381551106771 0.025026931762695326 0.0288682047526041
23.0 0.9943762969970703 0.3708170403374566 0.011247406005859384 0.029720967610677107
