22.0 0.5653451919555663 0.7539577229817709 0.021843032836914023 0.05757622612847213
22.0 0.5900465965270996 0.7532506985134548 0.02258274078369149 0.05413214789496523
22.0 0.429105281829834 0.6978424072265625 0.02386051177978521 0.05800347222222224
22.0 0.37698324203491207 0.7120390150282119 0.023847312927246123 0.05938184950086811
22.0 0.6472710990905761 0.7970474582248264 0.021892280578613366 0.053074679904513866
22.0 0.5408222961425782 0.7470010375976562 0.02059486389160159 0.05700446234809031
22.0 0.40586143493652344 0.6986221991644965 0.022825393676757844 0.054772745768229214
23.0 0.8002484893798828 0.736369900173611 0.026458435058593688 0.052583279079861156
22.0 0.6680546951293945 0.8045070393880208 0.02201866149902343 0.056835394965277786
16.0 0.18381319522857664 0.9534163411458334 0.04991721153259279 0.09192911783854163
22.0 0.6124389457702637 0.7679567125108506 0.021764106750488232 0.05307854546440971
15.0 0.02019826437695883 0.929564208984375 0.040350760903675106 0.06860500759548616
22.0 0.5204357528686523 0.7241614108615452 0.01763153076171875 0.05466179741753474
22.0 0.692676887512207 0.7885077243381077 0.018777847290039062 0.051999037000868054
22.0 0.5011422920227051 0.7004769897460937 0.02135059356689456 0.050120510525173634
6.0 0.4326827239990234 0.33519024319118923 0.03392860412597659 0.1118658108181424
23.0 0.4948884582519531 0.7165761990017361 0.04524475097656244 0.04189480251736111
17.0 0.09793102741241455 0.8910396321614583 0.07269745826721191 0.09696790907118058
