8 0.668750 0.507688 0.044527 0.079159
29 0.271409 0.814171 0.072372 0.084862
29 0.417757 0.909412 0.051199 0.120677
4 0.633911 0.533320 0.022841 0.040086
31 0.630767 0.627566 0.027845 0.035131
30 0.859625 0.650151 0.015142 0.051556
30 0.673048 0.597910 0.014885 0.052012
31 0.942198 0.693266 0.023996 0.036500
31 0.653159 0.616046 0.029513 0.028059
29 0.453045 0.866525 0.048376 0.126152
30 0.834602 0.652432 0.014372 0.052468
30 0.768197 0.596542 0.015013 0.051556
31 0.770250 0.622776 0.028872 0.029656
30 0.914160 0.690300 0.013089 0.055662
30 0.788856 0.620266 0.014757 0.052012
31 0.747089 0.597568 0.030027 0.025778
31 0.904151 0.682658 0.023354 0.042659
31 0.818947 0.662925 0.026947 0.028287
31 0.530935 0.825235 0.014243 0.053153
31 0.526444 0.785428 0.027845 0.038781
29 0.365660 0.786568 0.068651 0.091705
29 0.389078 0.807555 0.064930 0.099918
14 0.337365 0.763528 0.005903 0.008669
14 0.327228 0.721325 0.006416 0.008669
14 0.314460 0.676043 0.005774 0.008897
14 0.310290 0.640912 0.006159 0.007984
14 0.307146 0.609545 0.006288 0.008212
14 0.299960 0.574300 0.006288 0.007984
14 0.295726 0.524455 0.006801 0.008212
14 0.291620 0.450543 0.006544 0.006844
0 0.516499 0.113377 0.060053 0.118168