15.0 0.1914912223815918 0.7996335856119792 0.07742111206054686 0.09267754448784715
23.0 0.8221999359130859 0.6838708157009549 0.027646484374999947 0.051150377061631946
23.0 0.714112205505371 0.6352696736653646 0.03146263122558601 0.04100728352864591
22.0 0.7863943481445312 0.6391771104600694 0.024738311767578125 0.06193033854166663
8.0 0.6319139862060547 0.4298879835340712 0.046382904052734375 0.07883236355251738
23.0 0.9869189071655273 0.6172292073567709 0.026162185668945348 0.055455593532986014
16.0 0.37211036682128906 0.8541237725151909 0.05034240722656247 0.1275087483723959
22.0 0.7272480392456055 0.6288333468967013 0.017222518920898433 0.05421590169270829
22.0 0.54237943649292 0.6498352389865452 0.017837104797363224 0.06225511338975698
16.0 0.33710865020751957 0.8923104858398437 0.05738967895507813 0.12693474663628468
23.0 0.692330093383789 0.6013892618815104 0.026249999999999996 0.04687438964843749
23.0 0.7404789352416992 0.6449307590060764 0.03267326354980471 0.03387722439236118
23.0 0.5732342720031738 0.5994827609592014 0.030912513732910152 0.03225775824652777
23.0 0.8645410919189453 0.6955452473958333 0.033214569091796875 0.031309543185763955
22.0 0.661093864440918 0.5709743075900607 0.023004531860351562 0.05517432318793403
23.0 0.6653924560546876 0.5850916544596354 0.03160827636718755 0.03425815158420131
