17 0.586369 0.782690 0.014757 0.052468
18 0.450735 0.777443 0.014500 0.052468
14 0.827288 0.744023 0.123956 0.101515
17 0.718923 0.781093 0.016040 0.051556
10 0.080214 0.777785 0.076735 0.049503
9 0.838003 0.751437 0.075323 0.079387
20 0.459353 0.175648 0.009580 0.029487
20 0.487306 0.275038 0.010867 0.032028
20 0.514974 0.372522 0.010438 0.030757
20 0.623856 0.395145 0.010581 0.030249
20 0.651595 0.493899 0.010581 0.031520
20 0.679620 0.592908 0.011153 0.033299
21 0.467930 0.746190 0.005774 0.008669
21 0.469662 0.711516 0.006159 0.006387
21 0.470368 0.689844 0.006288 0.007756
21 0.467738 0.669085 0.006416 0.006387
21 0.463439 0.654827 0.006031 0.005703
4 0.431744 0.638402 0.073270 0.033534