25 0.530101 0.746533 0.121647 0.096040
30 0.766336 0.759650 0.013858 0.051100
30 0.847306 0.815540 0.013602 0.052012
31 0.162146 0.796263 0.030668 0.019390
31 0.402744 0.797290 0.030412 0.020075
30 0.983966 0.799799 0.017451 0.052925
31 0.285781 0.794552 0.030027 0.031937
28 0.451185 0.769573 0.075965 0.065015
24 0.988775 0.754517 0.022450 0.088284
15 0.235144 0.072509 0.010843 0.030546
15 0.262418 0.170522 0.010343 0.031435
16 0.298701 0.265273 0.025189 0.057829
4 0.510981 0.616845 0.022584 0.039693
14 0.479736 0.638060 0.006544 0.006387
14 0.484868 0.648212 0.006031 0.007072
14 0.487242 0.663610 0.006416 0.006844
14 0.491028 0.679921 0.006031 0.007072
14 0.494556 0.686080 0.006159 0.007528
14 0.499561 0.690072 0.005903 0.006387
14 0.504565 0.693380 0.005646 0.007528
0 0.430461 0.617871 0.067368 0.057259