25 0.423018 0.746190 0.124598 0.096268
24 0.933793 0.748243 0.124983 0.102199
30 0.688447 0.771056 0.016425 0.052012
30 0.606322 0.724176 0.016681 0.053153
31 0.056539 0.796491 0.031182 0.018934
30 0.806885 0.783945 0.016681 0.050871
31 0.179854 0.794552 0.029642 0.032850
0 0.431253 0.359397 0.067996 0.064032
29 0.268843 0.777557 0.077505 0.049503
31 0.303040 0.799229 0.018606 0.016653
30 0.908322 0.791815 0.014757 0.052012
15 0.778334 0.690414 0.011420 0.033990
15 0.750682 0.592664 0.010779 0.033306
15 0.643278 0.565175 0.011292 0.034447
15 0.572639 0.588785 0.009881 0.028287
15 0.545307 0.493202 0.010137 0.033762
15 0.615626 0.467880 0.010907 0.035131
15 0.517846 0.395109 0.010137 0.033306
15 0.587909 0.368419 0.010650 0.031937