17 0.831394 0.962679 0.016938 0.053381
17 0.851733 0.967013 0.016553 0.052925
17 0.869441 0.975865 0.016810 0.048270
17 0.892731 0.950474 0.016681 0.053153
23 0.553455 0.032564 0.044398 0.064902
17 0.926094 0.867552 0.016425 0.052925
9 0.467802 0.747673 0.075580 0.080071
9 0.777308 0.981682 0.057359 0.036636
4 0.422441 0.304088 0.049788 0.133680
20 0.519386 0.032165 0.021943 0.039237
20 0.771918 0.664294 0.010394 0.029656
20 0.792834 0.687677 0.010137 0.031253
20 0.817151 0.669085 0.010009 0.030112
20 0.845381 0.622320 0.010266 0.030568
20 0.880220 0.553883 0.009624 0.030568
20 0.816381 0.520805 0.010009 0.029656
20 0.788728 0.568368 0.010650 0.031253
20 0.764091 0.587303 0.010650 0.031709
20 0.743367 0.562894 0.008726 0.027147
20 0.997244 0.527078 0.005512 0.020303
20 0.997308 0.521261 0.005384 0.021900
20 0.984928 0.476549 0.010907 0.034218
20 0.971968 0.426134 0.010907 0.033762
20 0.851733 0.452938 0.010650 0.031253
20 0.787830 0.418948 0.009367 0.027603
20 0.760113 0.466854 0.009881 0.029428
20 0.735604 0.484647 0.009367 0.028515
20 0.715009 0.463090 0.009496 0.029200
20 0.823759 0.352450 0.011420 0.033306