4 0.437390 0.838580 0.022456 0.039237
4 0.493402 0.840405 0.022328 0.040150
15 0.978256 0.532553 0.011420 0.033534
15 0.938669 0.526508 0.009752 0.029656
15 0.899788 0.530956 0.010779 0.031709
15 0.869056 0.506091 0.011420 0.033990
15 0.983388 0.441646 0.010650 0.031025
15 0.949512 0.430924 0.010137 0.031937
15 0.911337 0.427388 0.011035 0.033078
15 0.871237 0.431267 0.010907 0.032622
15 0.848268 0.447121 0.011164 0.033762
15 0.840697 0.404462 0.010907 0.032850
15 0.832549 0.386668 0.009496 0.029656
15 0.983645 0.348230 0.010907 0.032622
15 0.955543 0.341500 0.010907 0.032850
15 0.921346 0.329866 0.009752 0.029656
15 0.882337 0.325646 0.010522 0.031253
15 0.842173 0.327014 0.009239 0.026234
15 0.818819 0.343325 0.009496 0.028287
15 0.819589 0.336824 0.010009 0.030340
15 0.812018 0.303518 0.010779 0.032622
15 0.803998 0.285724 0.008854 0.028515
15 0.791423 0.245460 0.011420 0.034218
15 0.791102 0.236449 0.010522 0.031709
15 0.776217 0.186947 0.011035 0.032622
15 0.763000 0.136646 0.010266 0.031481
15 0.584636 0.399672 0.011549 0.033762
15 0.563913 0.377315 0.010907 0.033762
15 0.608504 0.379939 0.010266 0.032165
15 0.636606 0.333402 0.010522 0.030797
15 0.671894 0.265877 0.010779 0.033534
15 0.555893 0.297472 0.010266 0.031937
15 0.535619 0.276599 0.011035 0.033534
15 0.580209 0.279679 0.010137 0.032393
15 0.608696 0.233940 0.010907 0.033990
15 0.643599 0.164705 0.010137 0.031937
15 0.507196 0.175427 0.010394 0.032393
15 0.527406 0.196642 0.011035 0.030112
15 0.551979 0.178848 0.010907 0.032850
15 0.579825 0.131741 0.010650 0.032165
15 0.614984 0.063076 0.010907 0.032622
0 0.461450 0.553997 0.065186 0.109271