22 0.387620 0.955224 0.019647 0.055800
22 0.368566 0.947768 0.019953 0.054396
22 0.649866 0.641586 0.023445 0.057489
22 0.883344 0.802642 0.021843 0.057230
22 0.568564 0.848962 0.021584 0.063663
22 0.792404 0.835204 0.021222 0.063457
22 0.760864 0.736841 0.019870 0.060653
22 0.619078 0.717684 0.021097 0.062703
16 0.238053 0.689308 0.073877 0.091797
22 0.592902 0.793693 0.020823 0.062498
16 0.132197 0.582981 0.046086 0.139908
22 0.981464 0.764986 0.021008 0.059743
22 0.684773 0.605147 0.022114 0.053329
22 0.739991 0.670906 0.019482 0.060642
22 0.411852 0.960370 0.022637 0.062324
22 0.715726 0.617927 0.020585 0.056106
22 0.332483 0.916469 0.016763 0.059508
22 0.934081 0.790546 0.019711 0.058608
22 0.908556 0.797491 0.021035 0.057405
22 0.349589 0.947569 0.019720 0.058595
22 0.962554 0.770363 0.018552 0.054455
22 0.993995 0.768252 0.012010 0.058249