30 0.491042 0.866660 0.015556 0.052509
30 0.804704 0.843713 0.018478 0.053153
28 0.137316 0.632699 0.047221 0.132996
4 0.689024 0.503810 0.021943 0.039922
30 0.901328 0.800370 0.018735 0.053153
30 0.827595 0.840720 0.018579 0.053098
30 0.920833 0.795123 0.018735 0.052696
30 0.531512 0.865156 0.017965 0.053153
30 0.340317 0.944201 0.018991 0.053381
30 0.740993 0.673989 0.018350 0.053153
30 0.881631 0.804590 0.018606 0.052925
30 0.855069 0.816110 0.018606 0.053153
30 0.303682 0.808012 0.016040 0.051556
30 0.725659 0.636349 0.017965 0.053153
31 0.642573 0.678438 0.024766 0.045625
30 0.706732 0.609659 0.018093 0.052696
30 0.322994 0.894014 0.018221 0.052012
30 0.289951 0.767634 0.016297 0.051100
30 0.316064 0.844283 0.015398 0.051100
31 0.662911 0.634752 0.023611 0.044028
31 0.522658 0.872114 0.030027 0.035131
31 0.675551 0.619924 0.025536 0.046309
31 0.691783 0.616274 0.025151 0.031709
29 0.123650 0.551373 0.029128 0.064331
15 0.274040 0.717219 0.008084 0.022356
14 0.995450 0.235423 0.006031 0.008212
0 0.486601 0.194931 0.051841 0.122958