22.0 0.6316028213500977 0.6672337849934895 0.017820053100585986 0.0612955050998264
22.0 0.5288652229309082 0.4486912875705295 0.019350929260253835 0.058367072211371496
22.0 0.578582763671875 0.5970468478732639 0.01793304443359367 0.05775729709201394
22.0 0.6652943801879883 0.6348213365342882 0.021378402709960942 0.05571417914496535
23.0 0.2820034694671631 0.7197093709309896 0.03436025619506833 0.02795213487413195
22.0 0.5907343482971191 0.6497617594401042 0.01904323577880862 0.06082031249999997
22.0 0.6088428497314453 0.6661003960503472 0.017009735107421875 0.05887179904513884
22.0 0.6509253692626953 0.6562158542209202 0.016963958740234375 0.053138088650173665
23.0 0.44643836975097656 0.5030736796061198 0.02519332885742187 0.052696363661024315
23.0 0.1152537202835083 0.726196051703559 0.025987482070922843 0.043820326063368054
22.0 0.50967378616333 0.4338565402560764 0.0186504745483399 0.05353217230902774
23.0 0.3259789562225342 0.6982677205403646 0.034091815948486315 0.043626369900173545
22.0 0.13200078487396238 0.7404215833875868 0.01791800498962401 0.05998813205295139
23.0 0.07529890060424804 0.6070071072048611 0.01944589614868164 0.061307644314236076
23.0 0.46998641967773436 0.4592076110839844 0.02970817565917966 0.043666890462239594
23.0 0.09104602336883545 0.6440257771809896 0.019900598526000984 0.03126987033420148
23.0 0.07486439466476441 0.5913632202148438 0.018616318702697754 0.029536878797743027
