22.0 0.7586490249633789 0.9735039605034722 0.019750595092773438 0.05299207899305558
22.0 0.9253192520141602 0.8956109958224827 0.022165298461914062 0.05542527940538189
22.0 0.4627701187133789 0.5993875800238715 0.023599090576171877 0.057512410481770804
22.0 0.9011847686767578 0.8852472262912326 0.017915344238281228 0.04844421386718745
6.0 0.8194297790527344 0.3254586452907986 0.06686904907226565 0.03680250379774308
22.0 0.7779876708984375 0.9763394165039063 0.018706054687500084 0.04667053222656248
22.0 0.9499629974365235 0.9038887532552083 0.021548919677734313 0.05582248263888889
16.0 0.5231704711914062 0.6116227552625868 0.04641220092773435 0.13529629177517366
23.0 0.6836705017089844 0.8453599378797743 0.028670043945312473 0.03329393174913198
22.0 0.7359381484985352 0.9746221923828124 0.01711067199707028 0.050755615234374996
23.0 0.705112190246582 0.9273354424370659 0.026358718872070308 0.04582241482204863
23.0 0.6543622207641602 0.773739997016059 0.027505874633789062 0.04126892089843748
23.0 0.8728042221069336 0.9185897488064236 0.03513038635253907 0.023460286458333313
22.0 0.9749749755859375 0.8405462646484375 0.018042297363281223 0.057327473958333375
22.0 0.8800023651123047 0.8973015679253472 0.0190251159667969 0.05431043836805549
22.0 0.9931879043579102 0.7758089192708333 0.013624191284179688 0.05741956922743052
23.0 0.6667305755615235 0.8051447550455729 0.017108917236328125 0.057009752061631946
