31 0.981143 0.816452 0.028487 0.034675
31 0.952463 0.744365 0.027075 0.035587
29 0.819846 0.579318 0.039266 0.132083
20 0.918266 0.323250 0.064673 0.036500
0 0.514959 0.342299 0.064930 0.113833
31 0.963756 0.772881 0.017836 0.052925
29 0.360848 0.852153 0.074938 0.072315
31 0.761524 0.585021 0.022456 0.048590
31 0.994485 0.887284 0.011030 0.025322
14 0.527791 0.878388 0.005389 0.010722
14 0.505849 0.845082 0.005133 0.010266
14 0.482494 0.797746 0.005646 0.010037
14 0.464273 0.746989 0.005903 0.009353
14 0.444897 0.694749 0.005646 0.008897
14 0.435209 0.646158 0.006544 0.008897
15 0.961125 0.402067 0.010779 0.033078
15 0.936744 0.391801 0.010779 0.034447
15 0.912043 0.365681 0.010650 0.033762
15 0.932959 0.300324 0.010650 0.031253
15 0.907167 0.290058 0.009111 0.030797
15 0.883556 0.263482 0.009881 0.030568
15 0.900751 0.187517 0.003721 0.005931
15 0.879899 0.190369 0.011035 0.033534
15 0.855711 0.164135 0.011164 0.033990