10 0.758193 0.708216 0.039173 0.132225
18 0.890811 0.873573 0.027611 0.035894
3 0.688821 0.364769 0.060916 0.074856
17 0.941581 0.976439 0.015257 0.047122
18 0.699865 0.714351 0.023297 0.048779
10 0.298906 0.972757 0.075239 0.054485
18 0.919371 0.945975 0.028474 0.034667
18 0.901510 0.902105 0.017602 0.053074
4 0.508402 0.188673 0.064540 0.112897
20 0.561380 0.472451 0.026920 0.007976
20 0.563020 0.461100 0.028474 0.006749
20 0.565781 0.453737 0.025022 0.006749
20 0.569405 0.444226 0.027093 0.008590
20 0.573978 0.435790 0.027611 0.008897
20 0.995448 0.399557 0.009104 0.033990
20 0.971198 0.376631 0.010394 0.036043
20 0.990959 0.324847 0.011420 0.033762
20 0.968054 0.299411 0.011549 0.033534
20 0.992884 0.194361 0.010394 0.030568
20 0.942775 0.275002 0.011292 0.034447
20 0.961959 0.221850 0.009881 0.029428
20 0.938605 0.195045 0.009111 0.027375
20 0.913454 0.170408 0.009111 0.026919
20 0.851348 0.361119 0.010907 0.033306
20 0.826518 0.349599 0.010522 0.031253
20 0.802522 0.323821 0.010779 0.033078
20 0.823310 0.261315 0.011549 0.035359
20 0.799058 0.249338 0.011549 0.033762
20 0.774164 0.222876 0.011805 0.033306
20 0.794182 0.158203 0.010522 0.031253
20 0.769994 0.148736 0.010907 0.032393