22 0.787284 0.913785 0.021300 0.057888
22 0.812006 0.902789 0.022382 0.060374
22 0.840155 0.863631 0.022200 0.058770
22 0.888086 0.811873 0.018448 0.052444
22 0.868797 0.823358 0.018108 0.053241
23 0.694300 0.849282 0.023371 0.040818
23 0.671958 0.769020 0.028009 0.029052
23 0.642706 0.698472 0.026974 0.042651
16 0.513104 0.536500 0.046921 0.137206
22 0.909389 0.814541 0.019548 0.055356
22 0.709407 0.857186 0.015909 0.055354
22 0.693362 0.802878 0.015200 0.054979
7 0.432277 0.402093 0.061619 0.075051
23 0.453578 0.541172 0.025007 0.053671
23 0.654810 0.732674 0.017514 0.057004
22 0.677686 0.754899 0.016195 0.050446