22.0 0.5395859146118165 0.5813599650065104 0.01953834533691412 0.055182766384548554
23.0 0.6276209831237793 0.7967166137695312 0.027413520812988312 0.04903666178385413
16.0 0.972010498046875 0.5309222920735677 0.05597900390624999 0.1300770738389757
22.0 0.4435943412780762 0.4728130086263021 0.020655555725097696 0.0524301486545139
23.0 0.7943861770629883 0.7877969699435764 0.03550163269042972 0.028176947699652732
22.0 0.558537483215332 0.5976240370008681 0.020236434936523384 0.05638170030381939
22.0 0.3989728927612305 0.46161215888129337 0.022882461547851562 0.05620975070529516
13.0 0.8625320434570313 0.5360900539822049 0.016879730224609313 0.0345306396484375
13.0 0.9005411529541015 0.537674797905816 0.021992492675781294 0.038832872178819366
23.0 0.6067617988586426 0.7153574625651042 0.030439109802246067 0.03938490125868055
23.0 0.5195598793029785 0.5643136088053385 0.021389274597167995 0.045435960557725696
23.0 0.5760454368591308 0.641108161078559 0.026311759948730473 0.03364929199218747
13.0 0.8795829391479493 0.5345817396375868 0.017154922485351665 0.031472574869791714
22.0 0.5784388160705567 0.61982177734375 0.018138313293457053 0.048986409505208384
23.0 0.42314733505249025 0.4758571370442708 0.02045497894287107 0.05093661838107638
23.0 0.38654375076293945 0.485450676812066 0.023542289733886723 0.052831013997395815
