16 0.619414 0.814704 0.060394 0.141316
16 0.942665 0.818992 0.076883 0.077940
23 0.661669 0.711790 0.024543 0.054826
16 0.759779 0.709271 0.056525 0.120789
20 0.814463 0.869462 0.084248 0.174560
22 0.242709 0.720180 0.019794 0.054172
22 0.262624 0.736091 0.017865 0.053693
6 0.429063 0.091704 0.055567 0.097531
23 0.330731 0.936633 0.027513 0.051724
13 0.611208 0.595156 0.022708 0.044239
23 0.497301 0.927545 0.034902 0.026593
13 0.113628 0.467428 0.025845 0.047810
23 0.541319 0.905691 0.032539 0.038343
23 0.310166 0.854440 0.029018 0.039275
13 0.564138 0.593473 0.016963 0.035344
23 0.089277 0.625781 0.021517 0.051667
22 0.278502 0.752509 0.016981 0.045170
23 0.216475 0.715368 0.026029 0.054285
23 0.281755 0.782776 0.028508 0.040772
13 0.582037 0.593302 0.021595 0.039323
22 0.222485 0.705416 0.014820 0.050681
5 0.537717 0.593759 0.045350 0.070907
22 0.122409 0.618794 0.019053 0.058540
23 0.688634 0.662304 0.034759 0.058890
23 0.112015 0.634312 0.033151 0.039676
20 0.943462 0.816715 0.073225 0.082045
23 0.105236 0.605710 0.023239 0.030378