16 0.454060 0.918334 0.058553 0.144608
16 0.818950 0.808357 0.074110 0.076781
23 0.241129 0.918768 0.026769 0.051174
13 0.472912 0.450657 0.022527 0.041265
13 0.509006 0.472257 0.022719 0.040511
16 0.644507 0.634454 0.064884 0.111475
22 0.154309 0.702532 0.017989 0.051442
23 0.408056 0.910880 0.035095 0.027637
22 0.132376 0.687644 0.019005 0.052493
22 0.112030 0.673131 0.018985 0.052903
22 0.170371 0.716757 0.017053 0.053372
16 0.944725 0.786681 0.076444 0.068480
13 0.014717 0.373897 0.024465 0.044896
23 0.190755 0.765970 0.026757 0.042095
23 0.019173 0.614834 0.035024 0.040273
23 0.596040 0.648088 0.029252 0.050053
23 0.221067 0.836667 0.028213 0.038153
21 0.818383 0.808806 0.072687 0.078240
23 0.572133 0.692889 0.024839 0.055989
20 0.691787 0.750563 0.064327 0.163774
16 0.692511 0.768036 0.066377 0.201455