3 0.175782 0.214465 0.074033 0.093883
23 0.874775 0.800902 0.026270 0.043814
22 0.593850 0.540208 0.023201 0.059122
23 0.824834 0.649346 0.028478 0.044643
22 0.701818 0.550592 0.019544 0.051202
22 0.725177 0.543718 0.019290 0.051464
23 0.632954 0.490778 0.021449 0.051693
22 0.766163 0.566151 0.013575 0.041339
22 0.745700 0.554807 0.017983 0.039391
23 0.654433 0.502166 0.029398 0.034534
23 0.760857 0.582233 0.020495 0.041704
23 0.854486 0.719947 0.028336 0.032458
14 0.990794 0.834133 0.018411 0.079789
23 0.785795 0.602273 0.014466 0.019500