11 0.436813 0.633612 0.070576 0.112921
15 0.620822 0.782804 0.090080 0.127977
18 0.403899 0.697486 0.029642 0.036728
18 0.554289 0.741856 0.021173 0.052012
10 0.881054 0.919564 0.070062 0.088055
10 0.679272 0.943530 0.051713 0.112263
6 0.435016 0.431723 0.029257 0.127521
10 0.730728 0.981910 0.082509 0.036180
10 0.993972 0.699197 0.012056 0.048362
18 0.653672 0.899945 0.009752 0.051100
18 0.473833 0.645588 0.028872 0.035587
18 0.472101 0.643649 0.019761 0.052696
18 0.425072 0.661100 0.013217 0.027375
10 0.032472 0.918879 0.064944 0.071174
28 0.435401 0.427617 0.005646 0.023497
7 0.110754 0.216831 0.015655 0.040378