28 0.799379 0.750411 0.053766 0.116571
31 0.381828 0.958801 0.022199 0.048818
28 0.729511 0.666635 0.068407 0.080369
22 0.619732 0.636463 0.052483 0.134136
27 0.581621 0.593348 0.068137 0.118168
28 0.993074 0.857857 0.013852 0.047221
28 0.889395 0.935532 0.075965 0.074368
18 0.879450 0.351994 0.018093 0.039693
29 0.191082 0.853408 0.074682 0.071631
31 0.637440 0.580573 0.029128 0.035131
31 0.635643 0.577836 0.019889 0.052468
28 0.780002 0.701136 0.059155 0.077334
31 0.818627 0.836185 0.012960 0.053153
16 0.555251 0.280477 0.026434 0.042203
0 0.474988 0.069692 0.074297 0.076421