17 0.949255 0.837554 0.013730 0.052240
3 0.322031 0.323022 0.050173 0.099918
17 0.926479 0.840063 0.013858 0.050871
17 0.892987 0.803335 0.013602 0.052240
17 0.875921 0.769915 0.014115 0.052468
17 0.909220 0.824551 0.013987 0.051784
11 0.980819 0.865613 0.038361 0.067296
18 0.242345 0.745620 0.028359 0.036272
18 0.057116 0.980929 0.028230 0.036500
10 0.019961 0.963888 0.039922 0.072224
18 0.187489 0.731134 0.010779 0.054293
17 0.857636 0.734328 0.013730 0.052468
18 0.052433 0.988411 0.008341 0.023177
18 0.039922 0.979560 0.017451 0.026006
18 0.130772 0.878388 0.014372 0.054065
18 0.204427 0.720983 0.028487 0.033078
18 0.227396 0.719614 0.029770 0.022128
20 0.373551 0.203714 0.017451 0.047450
4 0.551273 0.235537 0.017965 0.130714
20 0.365981 0.201319 0.017451 0.047221
20 0.358538 0.207820 0.015912 0.045625
20 0.351416 0.214436 0.013987 0.040606
20 0.351737 0.210443 0.014628 0.048134
20 0.888047 0.375947 0.010650 0.033306
20 0.914930 0.378570 0.011549 0.033534
20 0.960548 0.373894 0.010650 0.031937
20 0.978641 0.383019 0.009367 0.027375
20 0.917881 0.481910 0.011035 0.034447
20 0.944508 0.485104 0.011164 0.035815
20 0.991023 0.481910 0.011292 0.033534
20 0.974406 0.591067 0.010650 0.034218
20 0.947651 0.587189 0.010522 0.031937