26 0.779938 0.553426 0.060310 0.129574
22 0.910375 0.614677 0.088155 0.126152
4 0.751131 0.482138 0.021686 0.039922
4 0.828507 0.412104 0.021943 0.039465
30 0.854363 0.518524 0.014115 0.052468
31 0.242409 0.537686 0.028487 0.036043
31 0.033698 0.767634 0.028615 0.033306
31 0.070526 0.829797 0.030412 0.018022
30 0.838516 0.497308 0.014243 0.052925
31 0.057630 0.773223 0.027460 0.035815
4 0.484355 0.553198 0.020403 0.034675
30 0.979988 0.649808 0.008982 0.052696
30 0.965424 0.632586 0.007827 0.046538
31 0.187489 0.523200 0.010009 0.054065
31 0.130772 0.670339 0.013602 0.053153
15 0.794887 0.229378 0.009881 0.030797
15 0.778976 0.200406 0.011164 0.034903
15 0.764604 0.171434 0.011164 0.034903
15 0.748693 0.145314 0.010907 0.033762
15 0.701022 0.148850 0.010522 0.032622
15 0.733038 0.058171 0.008084 0.021444
15 0.735604 0.018136 0.011164 0.033078
15 0.718730 0.039351 0.011035 0.032165
15 0.698905 0.024523 0.010907 0.033534
15 0.671316 0.044256 0.011420 0.034218
31 0.050957 0.796263 0.011549 0.054065
31 0.204363 0.512592 0.029128 0.031937
31 0.227396 0.511224 0.029770 0.021444
31 0.831651 0.504722 0.030540 0.028515
30 0.869762 0.544073 0.012319 0.041518
9 0.482687 0.555251 0.044270 0.078018
4 0.473705 0.558217 0.020146 0.039237
0 0.502256 0.352792 0.048505 0.130258
16 0.640969 0.295876 0.031823 0.032393