20.0 0.9694903182983399 0.7011912706163195 0.06101936340332026 0.15086140950520832
23.0 0.8974506759643555 0.6945885552300347 0.023797988891601562 0.054675835503472214
13.0 0.9224363708496094 0.4775160386827257 0.02543167114257816 0.044871487087673634
22.0 0.8645519256591797 0.7511072455512153 0.018154144287109375 0.058582356770833344
22.0 0.9336790084838867 0.644975077311198 0.01718849182128901 0.04435363769531253
22.0 0.9165245819091796 0.6503282335069445 0.02143966674804687 0.05122300889756948
13.0 0.854585075378418 0.5457965935601128 0.02466636657714849 0.041958516438801996
23.0 0.13877068996429442 0.9210194227430555 0.026277151107788083 0.03715006510416663
23.0 0.3489250373840332 0.692570054796007 0.031577949523925786 0.03992716471354163
16.0 0.8267618942260742 0.7778778076171875 0.06098991394042963 0.07028971354166669
16.0 0.7933334350585938 0.7954962497287326 0.04867523193359369 0.05156568739149303
22.0 0.2958598804473877 0.6765424940321181 0.017371311187744154 0.0614417860243055
23.0 0.1772740697860718 0.984450446234809 0.03478260993957519 0.019881523980034732
6.0 0.5673698616027831 0.06508666780259874 0.04243099212646484 0.025394020080566404
23.0 0.16853291034698487 0.9325014241536458 0.01762557029724121 0.03608506944444445
22.0 0.2375097942352295 0.8268091159396701 0.015834102630615243 0.06009080674913192
