23.0 0.7152106475830078 0.8742595757378473 0.026880035400390634 0.044085828993055576
13.0 0.7340806579589844 0.20310404459635417 0.024944000244140563 0.044248318142361104
23.0 0.7915756988525391 0.909912109375 0.03184951782226564 0.02789306640625
13.0 0.7768434143066406 0.13239168379041885 0.02452163696289067 0.04134764777289497
23.0 0.6840880203247071 0.9139217461480035 0.02989250183105474 0.038520439995659794
22.0 0.9852630233764648 0.8556009928385417 0.01846107482910153 0.05808051215277776
13.0 0.6631018447875977 0.7037083604600695 0.020799636840820312 0.03962660047743061
22.0 0.9191969299316407 0.7711542426215278 0.017378387451171817 0.05415228949652784
22.0 0.9549991226196288 0.8246169026692709 0.016802902221679683 0.0565500217013889
13.0 0.6508836364746093 0.7033027818467882 0.014934539794921875 0.028449639214409794
22.0 0.9398590469360351 0.7974068535698784 0.01591911315917971 0.05578755696614579
16.0 0.8810474395751953 0.7017141384548611 0.05903991699218747 0.07696655273437503
23.0 0.2956182193756104 0.7621070014105903 0.029765529632568344 0.03996324327256939
22.0 0.9043299484252929 0.7448177083333334 0.015142593383789094 0.04945543077256953
22.0 0.18314868927001954 0.8955061170789931 0.01648670196533203 0.06366794162326395
17.0 0.6425990486145019 0.8581109280056423 0.053368034362793026 0.08404927571614584
17.0 0.6583870506286621 0.8584364488389757 0.08437320709228513 0.08391079372829868
22.0 0.24151615142822264 0.7482149590386284 0.01731967926025388 0.06028042263454858
13.0 0.6527132034301757 0.704204372829861 0.01707038879394529 0.03354248046874997
21.0 0.8260159301757812 0.7582554796006944 0.07178451538085939 0.15115600585937494
23.0 0.2582397079467773 0.7349061414930556 0.026129150390624967 0.032041965060763955
23.0 0.0848098587989807 0.9841984049479167 0.0286975622177124 0.028173556857638893
