17 0.732110 0.622057 0.089286 0.081977
13 0.793000 0.180038 0.025034 0.041491
13 0.781090 0.432091 0.024811 0.043558
13 0.750466 0.183190 0.024462 0.041490
23 0.786998 0.601413 0.029687 0.046612
22 0.953972 0.445309 0.018649 0.051864
13 0.666948 0.199143 0.022852 0.041981
16 0.987151 0.521068 0.025698 0.100483
23 0.157784 0.719348 0.030506 0.037361
23 0.194304 0.782684 0.033459 0.025819
22 0.255171 0.623633 0.016546 0.063314
22 0.969855 0.463187 0.017100 0.052615
23 0.366855 0.490696 0.030742 0.040099
20 0.902807 0.469914 0.073931 0.122577
13 0.628568 0.210088 0.019677 0.039063
22 0.314692 0.473959 0.017681 0.057914
6 0.573308 0.185760 0.033063 0.126024
23 0.933688 0.415263 0.018581 0.021869
23 0.185763 0.732634 0.018341 0.023181
23 0.796317 0.552564 0.014060 0.022051