21 0.556406 0.630760 0.075708 0.040606
14 0.530999 0.739461 0.003593 0.012091
14 0.509634 0.728283 0.003721 0.011634
14 0.489039 0.715280 0.003850 0.011178
14 0.473448 0.696117 0.003978 0.011178
14 0.461322 0.675130 0.004363 0.010722
14 0.454008 0.655397 0.004876 0.010950
14 0.451762 0.636349 0.005518 0.009353
0 0.471972 0.596314 0.070319 0.092162
15 0.310867 0.737636 0.021173 0.014828
15 0.324341 0.720983 0.021943 0.014828
15 0.332489 0.672164 0.022071 0.013916
15 0.338135 0.604070 0.021301 0.012319
15 0.346669 0.525025 0.024766 0.010722
15 0.357255 0.376175 0.025151 0.007756
15 0.743367 0.039579 0.011292 0.035359
15 0.719051 0.017794 0.011164 0.031481
19 0.611263 0.016995 0.016297 0.028972