0 0.577862 0.213913 0.027065 0.125217
28 0.962379 0.850362 0.075242 0.067874
36 0.701389 0.839976 0.029348 0.081884
36 0.462068 0.801784 0.162291 0.093200
30 0.398168 0.800780 0.011413 0.033222
30 0.418548 0.800780 0.011288 0.033222
30 0.438364 0.800780 0.011538 0.032776
30 0.457365 0.800780 0.011162 0.033668
15 0.417795 0.197324 0.011037 0.033445
15 0.398795 0.196544 0.010661 0.032330
15 0.378979 0.196656 0.010410 0.031215
15 0.359037 0.197436 0.010661 0.033222
15 0.352264 0.089744 0.009156 0.028317
15 0.372269 0.089521 0.009030 0.027871
15 0.392336 0.089632 0.009030 0.026310
15 0.412152 0.092308 0.010786 0.032999