0 0.568360 0.281271 0.072366 0.063991
28 0.726198 0.859420 0.076254 0.080045
36 0.445889 0.840022 0.029849 0.081382
34 0.251790 0.800000 0.162276 0.087980
30 0.187988 0.800895 0.010502 0.033504
30 0.208416 0.800895 0.011365 0.032992
30 0.228341 0.800767 0.011509 0.032737
30 0.246899 0.800512 0.010934 0.034271
15 0.159748 0.395987 0.009908 0.030323
15 0.180003 0.396210 0.010284 0.031215
15 0.199505 0.395095 0.009908 0.030323
15 0.218443 0.395318 0.009908 0.030323
15 0.153602 0.292196 0.010410 0.032330
15 0.174359 0.292085 0.010786 0.032553
15 0.193987 0.291862 0.011162 0.032553
15 0.213113 0.293645 0.011538 0.034783
15 0.148335 0.188740 0.010911 0.032330
15 0.168151 0.188183 0.009406 0.031215
15 0.188343 0.189075 0.011162 0.032999
15 0.206842 0.188740 0.010786 0.032330